1000	1000
0	664	0	650	1000	650	1000	664
0	350	0	336	1000	336	1000	350
336	1000	336	0	350	0	350	1000
650	1000	650	0	664	0	664	1000
128	589	128	599	168	599	168	589	250
928	406	928	416	968	416	968	406	100
843	168	843	178	883	178	883	168	200
760	608	760	618	800	618	800	608	150
735	381	735	391	775	391	775	381	100
241	77	241	87	281	87	281	77	50
369	155	369	165	409	165	409	155	250
47	162	47	172	87	172	87	162	30
930	230	930	240	970	240	970	230	200
130	54	130	64	170	64	170	54	200
350	772	350	782	390	782	390	772	250
604	63	604	73	644	73	644	63	100
291	52	291	62	331	62	331	52	150
958	135	958	145	998	145	998	135	150
49	942	49	952	89	952	89	942	150
745	894	745	904	785	904	785	894	200
218	433	218	443	258	443	258	433	50
66	30	66	40	106	40	106	30	50
793	851	793	861	833	861	833	851	200
784	537	784	547	824	547	824	537	150
357	825	357	835	397	835	397	825	250
561	959	561	969	601	969	601	959	30
784	493	784	503	824	503	824	493	50
226	721	226	731	266	731	266	721	150
207	710	207	720	247	720	247	710	100
410	396	410	406	450	406	450	396	50
294	249	294	259	334	259	334	249	200
182	416	182	426	222	426	222	416	50
853	877	853	887	893	887	893	877	50
716	258	716	268	756	268	756	258	30
714	417	714	427	754	427	754	417	100
498	7	498	17	538	17	538	7	50
14	620	14	630	54	630	54	620	100
786	63	786	73	826	73	826	63	50
873	777	873	787	913	787	913	777	150
814	114	814	124	854	124	854	114	150
608	823	608	833	648	833	648	823	250
162	826	162	836	202	836	202	826	150
143	670	143	680	183	680	183	670	30
898	490	898	500	938	500	938	490	30
556	717	556	727	596	727	596	717	200
136	138	136	148	176	148	176	138	50
394	207	394	217	434	217	434	207	200
702	968	702	978	742	978	742	968	200
593	128	593	138	633	138	633	128	30
90	221	90	231	130	231	130	221	200
428	670	428	680	468	680	468	670	250
20	489	20	499	60	499	60	489	50
1	85	1	95	41	95	41	85	30
199	51	199	61	239	61	239	51	200
699	851	699	861	739	861	739	851	30
750	235	750	245	790	245	790	235	150
734	105	734	115	774	115	774	105	250
8	423	8	433	48	433	48	423	200
955	640	955	650	995	650	995	640	100
950	493	950	503	990	503	990	493	150
565	692	565	702	605	702	605	692	150
914	270	914	280	954	280	954	270	30
383	704	383	714	423	714	423	704	100
228	636	228	646	268	646	268	636	30
519	693	519	703	559	703	559	693	250
859	623	859	633	899	633	899	623	250
717	200	717	210	757	210	757	200	100
577	281	577	291	617	291	617	281	30
947	554	947	564	987	564	987	554	150
703	632	703	642	743	642	743	632	200
210	113	210	123	250	123	250	113	30
590	428	590	438	630	438	630	428	250
160	755	160	765	200	765	200	755	150
469	540	469	550	509	550	509	540	100
64	589	64	599	104	599	104	589	50
157	91	157	101	197	101	197	91	250
240	147	240	157	280	157	280	147	30
895	922	895	932	935	932	935	922	150
775	619	775	629	815	629	815	619	200
796	954	796	964	836	964	836	954	50
232	358	232	368	272	368	272	358	50
875	225	875	235	915	235	915	225	100
776	873	776	883	816	883	816	873	100
831	1	831	11	871	11	871	1	150
452	926	452	936	492	936	492	926	30
191	625	191	635	231	635	231	625	200
354	750	354	760	394	760	394	750	30
212	282	212	292	252	292	252	282	250
794	453	794	463	834	463	834	453	100
202	201	202	211	242	211	242	201	150
865	145	865	155	905	155	905	145	50
897	810	897	820	937	820	937	810	250
687	121	687	131	727	131	727	121	150
520	491	520	501	560	501	560	491	50
855	50	855	60	895	60	895	50	100
134	271	134	281	174	281	174	271	50
585	538	585	548	625	548	625	538	30
736	748	736	758	776	758	776	748	50
57	3	57	13	97	13	97	3	250
817	801	817	811	857	811	857	801	50
576	101	576	111	616	111	616	101	250
218	602	218	612	258	612	258	602	100
707	404	707	414	747	414	747	404	200
461	402	461	412	501	412	501	402	150
869	830	869	840	909	840	909	830	30
457	797	457	807	497	807	497	797	200
406	617	406	627	446	627	446	617	150
673	504	673	514	713	514	713	504	200
687	603	687	613	727	613	727	603	50
262	843	262	853	302	853	302	843	250
58	435	58	445	98	445	98	435	30
107	197	107	207	147	207	147	197	30
19	584	19	594	59	594	59	584	200
784	367	784	377	824	377	824	367	250
355	36	355	46	395	46	395	36	200
274	794	274	804	314	804	314	794	150
396	896	396	906	436	906	436	896	200
850	95	850	105	890	105	890	95	200
569	441	569	451	609	451	609	441	250
799	594	799	604	839	604	839	594	250
499	726	499	736	539	736	539	726	200
21	886	21	896	61	896	61	886	30
152	903	152	913	192	913	192	903	250
870	84	870	94	910	94	910	84	30
716	502	716	512	756	512	756	502	200
47	541	47	551	87	551	87	541	100
6	874	6	884	46	884	46	874	50
488	75	488	85	528	85	528	75	30
58	297	58	307	98	307	98	297	30
378	356	378	366	418	366	418	356	250
126	233	126	243	166	243	166	233	50
8	233	8	243	48	243	48	233	200
155	458	155	468	195	468	195	458	150
249	414	249	424	289	424	289	414	250
955	534	955	544	995	544	995	534	150
17	509	17	519	57	519	57	509	200
776	6	776	16	816	16	816	6	50
146	542	146	552	186	552	186	542	50
928	863	928	873	968	873	968	863	200
405	435	405	445	445	445	445	435	30
557	3	557	13	597	13	597	3	250
421	975	421	985	461	985	461	975	250
209	303	209	313	249	313	249	303	100
807	574	807	584	847	584	847	574	30
203	841	203	851	243	851	243	841	150
690	1	690	11	730	11	730	1	50
535	823	535	833	575	833	575	823	250
721	67	721	77	761	77	761	67	30
479	957	479	967	519	967	519	957	30
64	872	64	882	104	882	104	872	100
407	687	407	697	447	697	447	687	100
714	445	714	455	754	455	754	445	50
233	681	233	691	273	691	273	681	250
732	679	732	689	772	689	772	679	200
957	884	957	894	997	894	997	884	100
22	606	22	616	62	616	62	606	200
558	941	558	951	598	951	598	941	30
597	808	597	818	637	818	637	808	30
6	929	6	939	46	939	46	929	250
527	509	527	519	567	519	567	509	100
448	431	448	441	488	441	488	431	150
599	321	599	331	639	331	639	321	150
67	413	67	423	107	423	107	413	30
850	367	850	377	890	377	890	367	250
665	492	665	502	705	502	705	492	250
738	581	738	591	778	591	778	581	50
862	23	862	33	902	33	902	23	250
902	614	902	624	942	624	942	614	200
363	228	363	238	403	238	403	228	250
502	292	502	302	542	302	542	292	30
799	297	799	307	839	307	839	297	150
146	721	146	731	186	731	186	721	200
113	382	113	392	153	392	153	382	250
423	101	423	111	463	111	463	101	30
143	734	143	744	183	744	183	734	30
553	807	553	817	593	817	593	807	100
293	30	293	40	333	40	333	30	30
720	716	720	726	760	726	760	716	150
597	301	597	311	637	311	637	301	150
904	638	904	648	944	648	944	638	250
292	398	292	408	332	408	332	398	150
192	948	192	958	232	958	232	948	100
572	570	572	580	612	580	612	570	200
70	123	70	133	110	133	110	123	200
690	382	690	392	730	392	730	382	50
560	615	560	625	600	625	600	615	250
291	138	291	148	331	148	331	138	50
739	295	739	305	779	305	779	295	250
10	395	10	405	50	405	50	395	200
455	812	455	822	495	822	495	812	200
134	803	134	813	174	813	174	803	250
834	930	834	940	874	940	874	930	100
821	442	821	452	861	452	861	442	200
486	355	486	365	526	365	526	355	100
953	576	953	586	993	586	993	576	100
218	480	218	490	258	490	258	480	30
571	676	571	686	611	686	611	676	200
483	521	483	531	523	531	523	521	150
261	568	261	578	301	578	301	568	50
150	564	150	574	190	574	190	564	150
34	359	34	369	74	369	74	359	100
741	314	741	324	781	324	781	314	50
0	781	0	791	40	791	40	781	150
912	900	912	910	952	910	952	900	30
693	740	693	750	733	750	733	740	250
904	761	904	771	944	771	944	761	200
686	754	686	764	726	764	726	754	150
495	245	495	255	535	255	535	245	200
389	316	389	326	429	326	429	316	100
903	546	903	556	943	556	943	546	50
766	188	766	198	806	198	806	188	150
87	955	87	965	127	965	127	955	150
264	5	264	15	304	15	304	5	50
773	222	773	232	813	232	813	222	200
793	233	793	243	833	243	833	233	50
192	383	192	393	232	393	232	383	200
498	134	498	144	538	144	538	134	250
868	466	868	476	908	476	908	466	150
818	751	818	761	858	761	858	751	50
595	225	595	235	635	235	635	225	30
393	15	393	25	433	25	433	15	150
512	706	512	716	552	716	552	706	200
267	818	267	828	307	828	307	818	150
121	40	121	50	161	50	161	40	50
813	465	813	475	853	475	853	465	100
940	292	940	302	980	302	980	292	250
141	521	141	531	181	531	181	521	30
56	751	56	761	96	761	96	751	30
134	363	134	373	174	373	174	363	250
802	911	802	921	842	921	842	911	250
712	877	712	887	752	887	752	877	250
945	922	945	932	985	932	985	922	250
448	774	448	784	488	784	488	774	50
556	590	556	600	596	600	596	590	100
421	940	421	950	461	950	461	940	200
701	467	701	477	741	477	741	467	100
553	906	553	916	593	916	593	906	150
260	160	260	170	300	170	300	160	100
231	759	231	769	271	769	271	759	200
920	719	920	729	960	729	960	719	100
72	733	72	743	112	743	112	733	100
790	127	790	137	830	137	830	127	200
714	485	714	495	754	495	754	485	200
423	61	423	71	463	71	463	61	200
136	219	136	229	176	229	176	219	250
846	733	846	743	886	743	886	733	50
699	834	699	844	739	844	739	834	100
917	423	917	433	957	433	957	423	100
752	944	752	954	792	954	792	944	200
483	275	483	285	523	285	523	275	250
361	666	361	676	401	676	401	666	100
575	79	575	89	615	89	615	79	200
873	123	873	133	913	133	913	123	250
286	499	286	509	326	509	326	499	50
946	69	946	79	986	79	986	69	150
540	987	540	997	580	997	580	987	200
140	20	140	30	180	30	180	20	200
203	883	203	893	243	893	243	883	50
385	877	385	887	425	887	425	877	100
116	351	116	361	156	361	156	351	30
283	375	283	385	323	385	323	375	150
916	29	916	39	956	39	956	29	30
84	672	84	682	124	682	124	672	150
588	635	588	645	628	645	628	635	50
772	972	772	982	812	982	812	972	50
828	670	828	680	868	680	868	670	250
513	149	513	159	553	159	553	149	250
355	521	355	531	395	531	395	521	50
931	320	931	330	971	330	971	320	50
725	147	725	157	765	157	765	147	50
843	409	843	419	883	419	883	409	250
213	183	213	193	253	193	253	183	30
488	615	488	625	528	625	528	615	250
185	976	185	986	225	986	225	976	100
122	111	122	121	162	121	162	111	200
0	313	0	323	40	323	40	313	100
430	600	430	610	470	610	470	600	50
81	833	81	843	121	843	121	833	100
440	78	440	88	480	88	480	78	100
518	788	518	798	558	798	558	788	150
436	196	436	206	476	206	476	196	30
721	79	721	89	761	89	761	79	150
574	551	574	561	614	561	614	551	50
413	221	413	231	453	231	453	221	200
2	103	2	113	42	113	42	103	100
925	7	925	17	965	17	965	7	150
609	695	609	705	649	705	649	695	250
124	846	124	856	164	856	164	846	100
380	96	380	106	420	106	420	96	30
738	361	738	371	778	371	778	361	250
559	875	559	885	599	885	599	875	250
382	557	382	567	422	567	422	557	50
361	639	361	649	401	649	401	639	50
226	464	226	474	266	474	266	464	200
461	585	461	595	501	595	501	585	200
132	178	132	188	172	188	172	178	30
235	393	235	403	275	403	275	393	100
55	989	55	999	95	999	95	989	100
876	677	876	687	916	687	916	677	200
382	455	382	465	422	465	422	455	200
92	393	92	403	132	403	132	393	150
38	708	38	718	78	718	78	708	200
590	921	590	931	630	931	630	921	200
249	58	249	68	289	68	289	58	200
442	842	442	852	482	852	482	842	150
356	371	356	381	396	381	396	371	50
798	146	798	156	838	156	838	146	100
83	278	83	288	123	288	123	278	200
805	632	805	642	845	642	845	632	250
568	469	568	479	608	479	608	469	50
360	123	360	133	400	133	400	123	150
260	742	260	752	300	752	300	742	250
822	987	822	997	862	997	862	987	200
437	208	437	218	477	218	477	208	250
357	859	357	869	397	869	397	859	100
21	831	21	841	61	841	61	831	100
678	151	678	161	718	161	718	151	100
380	812	380	822	420	822	420	812	250
525	321	525	331	565	331	565	321	100
414	264	414	274	454	274	454	264	150
899	699	899	709	939	709	939	699	100
893	956	893	966	933	966	933	956	30
928	439	928	449	968	449	968	439	100
601	894	601	904	641	904	641	894	50
62	815	62	825	102	825	102	815	200
134	508	134	518	174	518	174	508	250
794	270	794	280	834	280	834	270	150
607	90	607	100	647	100	647	90	50
91	562	91	572	131	572	131	562	200
826	35	826	45	866	45	866	35	250
460	567	460	577	500	577	500	567	150
704	531	704	541	744	541	744	531	50
106	427	106	437	146	437	146	427	50
901	511	901	521	941	521	941	511	100
547	301	547	311	587	311	587	301	250
774	677	774	687	814	687	814	677	150
524	184	524	194	564	194	564	184	30
518	398	518	408	558	408	558	398	30
7	124	7	134	47	134	47	124	250
473	915	473	925	513	925	513	915	250
240	258	240	268	280	268	280	258	100
543	841	543	851	583	851	583	841	30
114	616	114	626	154	626	154	616	150
583	165	583	175	623	175	623	165	150
816	891	816	901	856	901	856	891	150
90	210	90	220	130	220	130	210	250
727	49	727	59	767	59	767	49	250
560	63	560	73	600	73	600	63	250
913	460	913	470	953	470	953	460	30
796	80	796	90	836	90	836	80	250
441	134	441	144	481	144	481	134	150
26	637	26	647	66	647	66	637	200
839	517	839	527	879	527	879	517	50
595	24	595	34	635	34	635	24	200
937	955	937	965	977	965	977	955	250
281	892	281	902	321	902	321	892	100
416	482	416	492	456	492	456	482	250
495	664	495	674	535	674	535	664	50
