1000	1000
0	664	0	650	1000	650	1000	664
0	350	0	336	1000	336	1000	350
336	1000	336	0	350	0	350	1000
650	1000	650	0	664	0	664	1000
772	443	772	453	812	453	812	443	250
837	15	837	25	877	25	877	15	100
547	374	547	384	587	384	587	374	250
426	791	426	801	466	801	466	791	50
560	159	560	169	600	169	600	159	30
940	179	940	189	980	189	980	179	250
526	829	526	839	566	839	566	829	200
36	922	36	932	76	932	76	922	100
683	702	683	712	723	712	723	702	250
607	91	607	101	647	101	647	91	250
765	944	765	954	805	954	805	944	150
506	485	506	495	546	495	546	485	100
792	351	792	361	832	361	832	351	150
181	907	181	917	221	917	221	907	30
437	572	437	582	477	582	477	572	200
134	244	134	254	174	254	174	244	30
815	755	815	765	855	765	855	755	50
422	391	422	401	462	401	462	391	250
833	429	833	439	873	439	873	429	30
424	144	424	154	464	154	464	144	200
872	603	872	613	912	613	912	603	150
683	99	683	109	723	109	723	99	150
25	255	25	265	65	265	65	255	250
409	221	409	231	449	231	449	221	100
847	725	847	735	887	735	887	725	50
423	237	423	247	463	247	463	237	250
184	744	184	754	224	754	224	744	30
420	449	420	459	460	459	460	449	30
355	578	355	588	395	588	395	578	50
59	856	59	866	99	866	99	856	50
894	832	894	842	934	842	934	832	100
136	828	136	838	176	838	176	828	250
922	10	922	20	962	20	962	10	100
828	593	828	603	868	603	868	593	250
741	361	741	371	781	371	781	361	150
286	486	286	496	326	496	326	486	50
147	664	147	674	187	674	187	664	250
702	952	702	962	742	962	742	952	200
87	289	87	299	127	299	127	289	50
909	768	909	778	949	778	949	768	250
5	604	5	614	45	614	45	604	100
14	230	14	240	54	240	54	230	150
945	845	945	855	985	855	985	845	150
500	415	500	425	540	425	540	415	100
256	576	256	586	296	586	296	576	100
125	214	125	224	165	224	165	214	250
588	142	588	152	628	152	628	142	150
513	629	513	639	553	639	553	629	100
3	389	3	399	43	399	43	389	100
160	444	160	454	200	454	200	444	250
7	586	7	596	47	596	47	586	200
221	699	221	709	261	709	261	699	30
664	400	664	410	704	410	704	400	100
147	108	147	118	187	118	187	108	100
693	178	693	188	733	188	733	178	100
223	263	223	273	263	273	263	263	50
665	792	665	802	705	802	705	792	30
267	692	267	702	307	702	307	692	50
37	780	37	790	77	790	77	780	100
62	681	62	691	102	691	102	681	30
33	699	33	709	73	709	73	699	250
203	582	203	592	243	592	243	582	200
755	920	755	930	795	930	795	920	250
704	504	704	514	744	514	744	504	150
958	203	958	213	998	213	998	203	200
600	195	600	205	640	205	640	195	250
739	616	739	626	779	626	779	616	30
97	58	97	68	137	68	137	58	50
837	300	837	310	877	310	877	300	100
292	435	292	445	332	445	332	435	200
531	672	531	682	571	682	571	672	250
107	10	107	20	147	20	147	10	200
210	893	210	903	250	903	250	893	100
245	113	245	123	285	123	285	113	30
534	4	534	14	574	14	574	4	50
496	691	496	701	536	701	536	691	200
701	88	701	98	741	98	741	88	30
714	5	714	15	754	15	754	5	30
167	185	167	195	207	195	207	185	150
135	505	135	515	175	515	175	505	50
136	258	136	268	176	268	176	258	250
272	388	272	398	312	398	312	388	50
532	882	532	892	572	892	572	882	200
273	730	273	740	313	740	313	730	30
282	962	282	972	322	972	322	962	100
890	881	890	891	930	891	930	881	50
566	424	566	434	606	434	606	424	30
294	843	294	853	334	853	334	843	250
239	622	239	632	279	632	279	622	50
417	317	417	327	457	327	457	317	200
549	524	549	534	589	534	589	524	150
181	370	181	380	221	380	221	370	200
566	964	566	974	606	974	606	964	250
710	400	710	410	750	410	750	400	30
268	166	268	176	308	176	308	166	30
754	852	754	862	794	862	794	852	50
366	976	366	986	406	986	406	976	150
193	715	193	725	233	725	233	715	200
141	199	141	209	181	209	181	199	200
683	43	683	53	723	53	723	43	250
795	907	795	917	835	917	835	907	150
374	561	374	571	414	571	414	561	250
37	670	37	680	77	680	77	670	100
199	803	199	813	239	813	239	803	150
237	825	237	835	277	835	277	825	150
925	476	925	486	965	486	965	476	50
744	99	744	109	784	109	784	99	150
748	724	748	734	788	734	788	724	30
706	831	706	841	746	841	746	831	250
110	763	110	773	150	773	150	763	150
29	526	29	536	69	536	69	526	200
872	712	872	722	912	722	912	712	200
274	264	274	274	314	274	314	264	30
853	766	853	776	893	776	893	766	150
3	417	3	427	43	427	43	417	200
568	902	568	912	608	912	608	902	50
603	558	603	568	643	568	643	558	150
18	756	18	766	58	766	58	756	250
35	962	35	972	75	972	75	962	250
47	540	47	550	87	550	87	540	50
29	725	29	735	69	735	69	725	150
269	85	269	95	309	95	309	85	150
412	885	412	895	452	895	452	885	50
933	219	933	229	973	229	973	219	150
248	774	248	784	288	784	288	774	200
791	563	791	573	831	573	831	563	200
355	351	355	361	395	361	395	351	50
867	192	867	202	907	202	907	192	50
952	24	952	34	992	34	992	24	250
841	839	841	849	881	849	881	839	100
829	926	829	936	869	936	869	926	50
919	950	919	960	959	960	959	950	100
362	908	362	918	402	918	402	908	250
26	838	26	848	66	848	66	838	30
944	38	944	48	984	48	984	38	50
6	743	6	753	46	753	46	743	100
571	922	571	932	611	932	611	922	250
458	88	458	98	498	98	498	88	50
850	278	850	288	890	288	890	278	30
411	17	411	27	451	27	451	17	50
110	719	110	729	150	729	150	719	50
140	164	140	174	180	174	180	164	30
429	916	429	926	469	926	469	916	30
40	452	40	462	80	462	80	452	30
402	809	402	819	442	819	442	809	250
20	23	20	33	60	33	60	23	200
471	378	471	388	511	388	511	378	30
351	785	351	795	391	795	391	785	250
671	6	671	16	711	16	711	6	250
952	535	952	545	992	545	992	535	30
240	549	240	559	280	559	280	549	30
956	883	956	893	996	893	996	883	200
264	713	264	723	304	723	304	713	250
592	502	592	512	632	512	632	502	30
442	978	442	988	482	988	482	978	200
856	693	856	703	896	703	896	693	250
888	427	888	437	928	437	928	427	150
607	0	607	10	647	10	647	0	30
69	412	69	422	109	422	109	412	50
2	890	2	900	42	900	42	890	150
164	523	164	533	204	533	204	523	250
372	610	372	620	412	620	412	610	250
181	37	181	47	221	47	221	37	250
98	700	98	710	138	710	138	700	250
918	751	918	761	958	761	958	751	30
859	870	859	880	899	880	899	870	30
9	268	9	278	49	278	49	268	150
723	146	723	156	763	156	763	146	150
232	16	232	26	272	26	272	16	50
935	732	935	742	975	742	975	732	250
515	608	515	618	555	618	555	608	150
516	551	516	561	556	561	556	551	150
760	688	760	698	800	698	800	688	30
147	269	147	279	187	279	187	269	200
494	23	494	33	534	33	534	23	150
913	266	913	276	953	276	953	266	100
680	386	680	396	720	396	720	386	200
952	625	952	635	992	635	992	625	100
187	147	187	157	227	157	227	147	100
590	693	590	703	630	703	630	693	30
1	359	1	369	41	369	41	359	150
429	989	429	999	469	999	469	989	150
868	82	868	92	908	92	908	82	100
108	479	108	489	148	489	148	479	250
582	937	582	947	622	947	622	937	50
689	725	689	735	729	735	729	725	150
18	136	18	146	58	146	58	136	100
793	610	793	620	833	620	833	610	100
417	285	417	295	457	295	457	285	50
734	245	734	255	774	255	774	245	150
529	363	529	373	569	373	569	363	250
141	539	141	549	181	549	181	539	250
222	214	222	224	262	224	262	214	100
927	240	927	250	967	250	967	240	30
147	319	147	329	187	329	187	319	250
136	80	136	90	176	90	176	80	250
692	632	692	642	732	642	732	632	200
410	636	410	646	450	646	450	636	250
85	357	85	367	125	367	125	357	100
237	857	237	867	277	867	277	857	30
698	206	698	216	738	216	738	206	200
834	632	834	642	874	642	874	632	250
883	227	883	237	923	237	923	227	30
679	863	679	873	719	873	719	863	200
255	908	255	918	295	918	295	908	200
790	63	790	73	830	73	830	63	100
205	396	205	406	245	406	245	396	100
60	760	60	770	100	770	100	760	50
133	784	133	794	173	794	173	784	30
562	293	562	303	602	303	602	293	30
377	304	377	314	417	314	417	304	100
910	373	910	383	950	383	950	373	30
491	56	491	66	531	66	531	56	30
229	380	229	390	269	390	269	380	100
785	528	785	538	825	538	825	528	30
448	844	448	854	488	854	488	844	100
86	42	86	52	126	52	126	42	150
955	970	955	980	995	980	995	970	100
540	23	540	33	580	33	580	23	200
416	131	416	141	456	141	456	131	100
602	436	602	446	642	446	642	436	250
32	940	32	950	72	950	72	940	30
596	223	596	233	636	233	636	223	30
116	449	116	459	156	459	156	449	100
178	875	178	885	218	885	218	875	250
67	809	67	819	107	819	107	809	100
71	551	71	561	111	561	111	551	150
905	565	905	575	945	575	945	565	250
700	889	700	899	740	899	740	889	100
201	130	201	140	241	140	241	130	50
599	454	599	464	639	464	639	454	30
543	572	543	582	583	582	583	572	50
430	364	430	374	470	374	470	364	250
570	618	570	628	610	628	610	618	50
111	890	111	900	151	900	151	890	50
851	536	851	546	891	546	891	536	30
