1000	1000
0	507	0	493	1000	493	1000	507
493	1000	493	0	507	0	507	1000
388	100	388	110	428	110	428	100	150
847	38	847	48	887	48	887	38	250
785	433	785	443	825	443	825	433	50
271	822	271	832	311	832	311	822	200
3	794	3	804	43	804	43	794	250
199	224	199	234	239	234	239	224	200
234	647	234	657	274	657	274	647	250
406	591	406	601	446	601	446	591	150
114	473	114	483	154	483	154	473	50
777	788	777	798	817	798	817	788	50
528	202	528	212	568	212	568	202	100
261	292	261	302	301	302	301	292	100
523	744	523	754	563	754	563	744	50
756	351	756	361	796	361	796	351	200
277	728	277	738	317	738	317	728	100
815	392	815	402	855	402	855	392	100
713	25	713	35	753	35	753	25	150
264	461	264	471	304	471	304	461	30
796	210	796	220	836	220	836	210	150
343	479	343	489	383	489	383	479	150
428	942	428	952	468	952	468	942	200
428	392	428	402	468	402	468	392	30
15	202	15	212	55	212	55	202	100
883	572	883	582	923	582	923	572	250
67	140	67	150	107	150	107	140	30
430	115	430	125	470	125	470	115	150
111	149	111	159	151	159	151	149	200
914	561	914	571	954	571	954	561	250
624	299	624	309	664	309	664	299	250
438	895	438	905	478	905	478	895	50
662	67	662	77	702	77	702	67	250
280	925	280	935	320	935	320	925	50
424	670	424	680	464	680	464	670	200
508	266	508	276	548	276	548	266	200
268	986	268	996	308	996	308	986	150
83	538	83	548	123	548	123	538	150
337	53	337	63	377	63	377	53	30
253	437	253	447	293	447	293	437	50
876	847	876	857	916	857	916	847	250
145	678	145	688	185	688	185	678	200
895	305	895	315	935	315	935	305	30
876	833	876	843	916	843	916	833	30
684	965	684	975	724	975	724	965	200
861	528	861	538	901	538	901	528	100
382	891	382	901	422	901	422	891	100
272	424	272	434	312	434	312	424	250
750	277	750	287	790	287	790	277	50
158	356	158	366	198	366	198	356	30
340	211	340	221	380	221	380	211	200
22	382	22	392	62	392	62	382	250
98	442	98	452	138	452	138	442	30
309	378	309	388	349	388	349	378	100
715	796	715	806	755	806	755	796	50
57	748	57	758	97	758	97	748	200
162	819	162	829	202	829	202	819	150
831	257	831	267	871	267	871	257	30
171	182	171	192	211	192	211	182	100
10	139	10	149	50	149	50	139	250
689	629	689	639	729	639	729	629	250
745	953	745	963	785	963	785	953	250
750	560	750	570	790	570	790	560	30
60	864	60	874	100	874	100	864	50
776	231	776	241	816	241	816	231	50
74	313	74	323	114	323	114	313	200
161	950	161	960	201	960	201	950	250
919	969	919	979	959	979	959	969	200
425	65	425	75	465	75	465	65	30
27	120	27	130	67	130	67	120	150
740	36	740	46	780	46	780	36	200
348	444	348	454	388	454	388	444	30
308	296	308	306	348	306	348	296	200
449	727	449	737	489	737	489	727	100
855	471	855	481	895	481	895	471	150
952	801	952	811	992	811	992	801	250
621	398	621	408	661	408	661	398	200
35	971	35	981	75	981	75	971	30
652	255	652	265	692	265	692	255	100
641	669	641	679	681	679	681	669	50
258	90	258	100	298	100	298	90	200
357	866	357	876	397	876	397	866	150
817	753	817	763	857	763	857	753	100
882	242	882	252	922	252	922	242	100
780	250	780	260	820	260	820	250	250
908	62	908	72	948	72	948	62	100
143	263	143	273	183	273	183	263	30
245	615	245	625	285	625	285	615	100
902	166	902	176	942	176	942	166	30
728	134	728	144	768	144	768	134	50
161	111	161	121	201	121	201	111	150
230	751	230	761	270	761	270	751	30
511	851	511	861	551	861	551	851	250
159	7	159	17	199	17	199	7	200
660	344	660	354	700	354	700	344	150
204	457	204	467	244	467	244	457	100
556	522	556	532	596	532	596	522	100
123	568	123	578	163	578	163	568	250
703	340	703	350	743	350	743	340	250
424	438	424	448	464	448	464	438	100
13	367	13	377	53	377	53	367	200
92	129	92	139	132	139	132	129	50
609	905	609	915	649	915	649	905	50
223	397	223	407	263	407	263	397	150
324	780	324	790	364	790	364	780	100
351	927	351	937	391	937	391	927	150
57	348	57	358	97	358	97	348	30
776	658	776	668	816	668	816	658	250
43	568	43	578	83	578	83	568	100
611	983	611	993	651	993	651	983	250
782	510	782	520	822	520	822	510	150
28	623	28	633	68	633	68	623	50
612	770	612	780	652	780	652	770	250
428	140	428	150	468	150	468	140	250
356	707	356	717	396	717	396	707	250
55	680	55	690	95	690	95	680	50
882	692	882	702	922	702	922	692	200
609	743	609	753	649	753	649	743	250
539	632	539	642	579	642	579	632	250
817	453	817	463	857	463	857	453	150
607	851	607	861	647	861	647	851	150
529	87	529	97	569	97	569	87	100
566	240	566	250	606	250	606	240	250
212	972	212	982	252	982	252	972	50
674	126	674	136	714	136	714	126	50
539	537	539	547	579	547	579	537	200
88	3	88	13	128	13	128	3	150
856	616	856	626	896	626	896	616	30
438	198	438	208	478	208	478	198	50
869	417	869	427	909	427	909	417	100
12	28	12	38	52	38	52	28	150
606	585	606	595	646	595	646	585	50
3	857	3	867	43	867	43	857	150
897	440	897	450	937	450	937	440	100
416	970	416	980	456	980	456	970	200
330	631	330	641	370	641	370	631	30
709	163	709	173	749	173	749	163	200
624	880	624	890	664	890	664	880	150
282	56	282	66	322	66	322	56	100
235	911	235	921	275	921	275	911	150
725	878	725	888	765	888	765	878	250
401	916	401	926	441	926	441	916	50
332	424	332	434	372	434	372	424	200
191	637	191	647	231	647	231	637	150
274	252	274	262	314	262	314	252	250
831	586	831	596	871	596	871	586	250
581	138	581	148	621	148	621	138	150
415	800	415	810	455	810	455	800	100
211	704	211	714	251	714	251	704	250
548	801	548	811	588	811	588	801	30
623	682	623	692	663	692	663	682	200
295	766	295	776	335	776	335	766	30
214	923	214	933	254	933	254	923	100
634	640	634	650	674	650	674	640	200
20	228	20	238	60	238	60	228	100
717	977	717	987	757	987	757	977	200
528	187	528	197	568	197	568	187	50
871	954	871	964	911	964	911	954	50
716	296	716	306	756	306	756	296	200
429	81	429	91	469	91	469	81	150
268	943	268	953	308	953	308	943	150
328	947	328	957	368	957	368	947	30
808	886	808	896	848	896	848	886	200
39	921	39	931	79	931	79	921	50
723	781	723	791	763	791	763	781	100
583	469	583	479	623	479	623	469	250
355	235	355	245	395	245	395	235	200
539	699	539	709	579	709	579	699	250
323	978	323	988	363	988	363	978	100
200	148	200	158	240	158	240	148	30
850	967	850	977	890	977	890	967	200
676	686	676	696	716	696	716	686	150
96	402	96	412	136	412	136	402	100
268	680	268	690	308	690	308	680	250
445	458	445	468	485	468	485	458	50
584	623	584	633	624	633	624	623	150
610	818	610	828	650	828	650	818	200
827	602	827	612	867	612	867	602	250
252	590	252	600	292	600	292	590	200
844	864	844	874	884	874	884	864	250
176	528	176	538	216	538	216	528	150
213	869	213	879	253	879	253	869	150
792	674	792	684	832	684	832	674	150
274	334	274	344	314	344	314	334	150
253	626	253	636	293	636	293	626	30
538	585	538	595	578	595	578	585	250
826	811	826	821	866	821	866	811	30
522	37	522	47	562	47	562	37	250
229	782	229	792	269	792	269	782	30
428	634	428	644	468	644	468	634	150
292	4	292	14	332	14	332	4	150
954	141	954	151	994	151	994	141	50
253	479	253	489	293	489	293	479	50
214	558	214	568	254	568	254	558	50
668	887	668	897	708	897	708	887	200
908	210	908	220	948	220	948	210	200
282	400	282	410	322	410	322	400	30
611	237	611	247	651	247	651	237	100
183	325	183	335	223	335	223	325	100
32	644	32	654	72	654	72	644	100
210	676	210	686	250	686	250	676	30
552	883	552	893	592	893	592	883	150
387	754	387	764	427	764	427	754	50
647	100	647	110	687	110	687	100	150
65	549	65	559	105	559	105	549	150
681	111	681	121	721	121	721	111	250
415	620	415	630	455	630	455	620	250
279	535	279	545	319	545	319	535	200
604	378	604	388	644	388	644	378	200
548	733	548	743	588	743	588	733	200
888	744	888	754	928	754	928	744	100
418	21	418	31	458	31	458	21	200
258	223	258	233	298	233	298	223	250
249	116	249	126	289	126	289	116	50
217	60	217	70	257	70	257	60	250
924	515	924	525	964	525	964	515	100
361	527	361	537	401	537	401	527	30
759	397	759	407	799	407	799	397	250
97	951	97	961	137	961	137	951	50
521	840	521	850	561	850	561	840	50
79	175	79	185	119	185	119	175	200
655	797	655	807	695	807	695	797	100
525	355	525	365	565	365	565	355	200
29	65	29	75	69	75	69	65	200
548	438	548	448	588	448	588	438	50
352	0	352	10	392	10	392	0	150
320	270	320	280	360	280	360	270	50
341	552	341	562	381	562	381	552	30
205	171	205	181	245	181	245	171	250
600	703	600	713	640	713	640	703	100
387	246	387	256	427	256	427	246	150
904	651	904	661	944	661	944	651	250
937	668	937	678	977	678	977	668	150
216	242	216	252	256	252	256	242	200
76	814	76	824	116	824	116	814	50
349	818	349	828	389	828	389	818	50
670	902	670	912	710	912	710	902	30
82	377	82	387	122	387	122	377	50
191	262	191	272	231	272	231	262	250
590	176	590	186	630	186	630	176	100
395	33	395	43	435	43	435	33	100
564	330	564	340	604	340	604	330	100
723	70	723	80	763	80	763	70	100
172	871	172	881	212	881	212	871	50
873	388	873	398	913	398	913	388	200
374	512	374	522	414	522	414	512	250
15	754	15	764	55	764	55	754	250
694	942	694	952	734	952	734	942	50
528	902	528	912	568	912	568	902	200
11	829	11	839	51	839	51	829	150
785	532	785	542	825	542	825	532	250
15	611	15	621	55	621	55	611	200
320	889	320	899	360	899	360	889	50
775	544	775	554	815	554	815	544	50
361	180	361	190	401	190	401	180	150
598	456	598	466	638	466	638	456	50
453	294	453	304	493	304	493	294	50
338	348	338	358	378	358	378	348	150
565	62	565	72	605	72	605	62	150
822	567	822	577	862	577	862	567	30
770	847	770	857	810	857	810	847	150
288	350	288	360	328	360	328	350	50
405	864	405	874	445	874	445	864	200
937	386	937	396	977	396	977	386	100
695	263	695	273	735	273	735	263	100
671	980	671	990	711	990	711	980	100
192	591	192	601	232	601	232	591	250
380	116	380	126	420	126	420	116	30
333	653	333	663	373	663	373	653	30
561	276	561	286	601	286	601	276	100
864	762	864	772	904	772	904	762	50
89	94	89	104	129	104	129	94	100
577	574	577	584	617	584	617	574	100
105	773	105	783	145	783	145	773	50
109	971	109	981	149	981	149	971	200
449	870	449	880	489	880	489	870	30
558	403	558	413	598	413	598	403	200
839	238	839	248	879	248	879	238	200
922	860	922	870	962	870	962	860	200
151	94	151	104	191	104	191	94	200
704	819	704	829	744	829	744	819	150
744	670	744	680	784	680	784	670	150
433	473	433	483	473	483	473	473	30
688	449	688	459	728	459	728	449	100
586	968	586	978	626	978	626	968	200
387	743	387	753	427	753	427	743	200
63	423	63	433	103	433	103	423	50
72	895	72	905	112	905	112	895	100
196	739	196	749	236	749	236	739	100
91	934	91	944	131	944	131	934	150
610	64	610	74	650	74	650	64	30
560	114	560	124	600	124	600	114	50
885	96	885	106	925	106	925	96	100
85	23	85	33	125	33	125	23	30
522	924	522	934	562	934	562	924	250
92	651	92	661	132	661	132	651	100
512	14	512	24	552	24	552	14	30
143	389	143	399	183	399	183	389	100
790	94	790	104	830	104	830	94	150
168	438	168	448	208	448	208	438	200
269	212	269	222	309	222	309	212	150
672	476	672	486	712	486	712	476	100
844	717	844	727	884	727	884	717	200
790	408	790	418	830	418	830	408	100
272	522	272	532	312	532	312	522	200
925	755	925	765	965	765	965	755	50
537	305	537	315	577	315	577	305	30
310	959	310	969	350	969	350	959	150
590	162	590	172	630	172	630	162	30
936	614	936	624	976	624	976	614	200
335	402	335	412	375	412	375	402	30
112	989	112	999	152	999	152	989	150
171	48	171	58	211	58	211	48	150
571	676	571	686	611	686	611	676	150
30	512	30	522	70	522	70	512	50
866	558	866	568	906	568	906	558	150
162	23	162	33	202	33	202	23	250
512	983	512	993	552	993	552	983	200
800	941	800	951	840	951	840	941	250
380	538	380	548	420	548	420	538	30
787	61	787	71	827	71	827	61	250
698	355	698	365	738	365	738	355	200
110	834	110	844	150	844	150	834	200
708	564	708	574	748	574	748	564	30
667	657	667	667	707	667	707	657	250
507	390	507	400	547	400	547	390	50
212	285	212	295	252	295	252	285	50
884	277	884	287	924	287	924	277	250
813	341	813	351	853	351	853	341	30
113	557	113	567	153	567	153	557	50
326	594	326	604	366	604	366	594	150
554	554	554	564	594	564	594	554	150
386	637	386	647	426	647	426	637	30
123	854	123	864	163	864	163	854	100
192	899	192	909	232	909	232	899	30
365	692	365	702	405	702	405	692	50
654	329	654	339	694	339	694	329	200
213	570	213	580	253	580	253	570	200
384	562	384	572	424	572	424	562	100
890	636	890	646	930	646	930	636	50
825	278	825	288	865	288	865	278	250
661	149	661	159	701	159	701	149	250
339	194	339	204	379	204	379	194	150
344	846	344	856	384	856	384	846	30
869	330	869	340	909	340	909	330	250
283	602	283	612	323	612	323	602	30
925	12	925	22	965	22	965	12	200
956	286	956	296	996	296	996	286	50
699	55	699	65	739	65	739	55	250
846	24	846	34	886	34	886	24	30
176	63	176	73	216	73	216	63	250
702	914	702	924	742	924	742	914	150
378	952	378	962	418	962	418	952	250
373	317	373	327	413	327	413	317	250
708	590	708	600	748	600	748	590	150
558	222	558	232	598	232	598	222	200
301	837	301	847	341	847	341	837	30
159	134	159	144	199	144	199	134	30
934	470	934	480	974	480	974	470	50
156	468	156	478	196	478	196	468	30
840	666	840	676	880	676	880	666	250
177	722	177	732	217	732	217	722	30
792	317	792	327	832	327	832	317	200
385	79	385	89	425	89	425	79	50
16	423	16	433	56	433	56	423	100
573	151	573	161	613	161	613	151	100
