1000	1000
0	664	0	650	1000	650	1000	664
0	350	0	336	1000	336	1000	350
493	1000	493	0	507	0	507	1000
5	248	5	258	45	258	45	248	50
889	11	889	21	929	21	929	11	250
442	862	442	872	482	872	482	862	150
236	208	236	218	276	218	276	208	30
526	767	526	777	566	777	566	767	30
781	433	781	443	821	443	821	433	50
26	725	26	735	66	735	66	725	200
623	945	623	955	663	955	663	945	50
518	786	518	796	558	796	558	786	30
722	811	722	821	762	821	762	811	150
910	482	910	492	950	492	950	482	50
295	392	295	402	335	402	335	392	30
315	841	315	851	355	851	355	841	250
931	465	931	475	971	475	971	465	50
81	200	81	210	121	210	121	200	200
599	510	599	520	639	520	639	510	50
889	255	889	265	929	265	929	255	200
823	599	823	609	863	609	863	599	30
342	390	342	400	382	400	382	390	30
306	83	306	93	346	93	346	83	250
104	290	104	300	144	300	144	290	100
518	488	518	498	558	498	558	488	150
50	972	50	982	90	982	90	972	150
380	260	380	270	420	270	420	260	250
704	756	704	766	744	766	744	756	50
806	838	806	848	846	848	846	838	150
336	43	336	53	376	53	376	43	30
4	204	4	214	44	214	44	204	150
371	793	371	803	411	803	411	793	50
719	271	719	281	759	281	759	271	250
766	979	766	989	806	989	806	979	30
28	505	28	515	68	515	68	505	50
151	187	151	197	191	197	191	187	150
441	726	441	736	481	736	481	726	150
793	159	793	169	833	169	833	159	200
97	751	97	761	137	761	137	751	150
912	795	912	805	952	805	952	795	250
668	723	668	733	708	733	708	723	50
92	821	92	831	132	831	132	821	100
575	409	575	419	615	419	615	409	50
815	497	815	507	855	507	855	497	200
384	213	384	223	424	223	424	213	250
886	815	886	825	926	825	926	815	30
6	230	6	240	46	240	46	230	50
94	916	94	926	134	926	134	916	50
210	562	210	572	250	572	250	562	250
510	511	510	521	550	521	550	511	200
858	616	858	626	898	626	898	616	30
842	238	842	248	882	248	882	238	50
918	777	918	787	958	787	958	777	100
285	567	285	577	325	577	325	567	100
731	0	731	10	771	10	771	0	200
666	180	666	190	706	190	706	180	250
674	370	674	380	714	380	714	370	50
318	127	318	137	358	137	358	127	150
240	390	240	400	280	400	280	390	250
330	698	330	708	370	708	370	698	250
903	910	903	920	943	920	943	910	30
240	582	240	592	280	592	280	582	100
158	765	158	775	198	775	198	765	250
6	120	6	130	46	130	46	120	250
760	288	760	298	800	298	800	288	250
714	517	714	527	754	527	754	517	100
872	931	872	941	912	941	912	931	150
4	259	4	269	44	269	44	259	100
86	796	86	806	126	806	126	796	250
742	615	742	625	782	625	782	615	50
369	74	369	84	409	84	409	74	30
813	19	813	29	853	29	853	19	250
789	380	789	390	829	390	829	380	50
886	521	886	531	926	531	926	521	200
853	83	853	93	893	93	893	83	30
226	989	226	999	266	999	266	989	250
764	709	764	719	804	719	804	709	50
911	844	911	854	951	854	951	844	30
181	527	181	537	221	537	221	527	100
569	172	569	182	609	182	609	172	150
156	204	156	214	196	214	196	204	200
173	115	173	125	213	125	213	115	150
875	441	875	451	915	451	915	441	250
117	90	117	100	157	100	157	90	30
656	98	656	108	696	108	696	98	250
370	909	370	919	410	919	410	909	250
799	632	799	642	839	642	839	632	50
224	680	224	690	264	690	264	680	150
665	489	665	499	705	499	705	489	30
142	382	142	392	182	392	182	382	150
669	543	669	553	709	553	709	543	30
318	471	318	481	358	481	358	471	150
306	621	306	631	346	631	346	621	250
103	214	103	224	143	224	143	214	250
47	953	47	963	87	963	87	953	150
751	562	751	572	791	572	791	562	250
423	182	423	192	463	192	463	182	200
764	393	764	403	804	403	804	393	30
274	743	274	753	314	753	314	743	250
947	594	947	604	987	604	987	594	250
772	57	772	67	812	67	812	57	100
446	611	446	621	486	621	486	611	100
777	855	777	865	817	865	817	855	30
510	361	510	371	550	371	550	361	200
35	841	35	851	75	851	75	841	100
953	363	953	373	993	373	993	363	200
858	141	858	151	898	151	898	141	200
886	695	886	705	926	705	926	695	50
805	940	805	950	845	950	845	940	150
425	801	425	811	465	811	465	801	200
828	525	828	535	868	535	868	525	150
957	129	957	139	997	139	997	129	100
60	638	60	648	100	648	100	638	30
10	813	10	823	50	823	50	813	250
416	816	416	826	456	826	456	816	250
178	985	178	995	218	995	218	985	200
633	236	633	246	673	246	673	236	250
179	100	179	110	219	110	219	100	30
179	421	179	431	219	431	219	421	150
623	200	623	210	663	210	663	200	200
252	155	252	165	292	165	292	155	250
641	848	641	858	681	858	681	848	250
448	294	448	304	488	304	488	294	150
536	582	536	592	576	592	576	582	30
193	353	193	363	233	363	233	353	200
563	458	563	468	603	468	603	458	250
726	97	726	107	766	107	766	97	250
753	116	753	126	793	126	793	116	100
89	258	89	268	129	268	129	258	100
11	452	11	462	51	462	51	452	100
415	589	415	599	455	599	455	589	150
935	266	935	276	975	276	975	266	100
203	609	203	619	243	619	243	609	30
285	800	285	810	325	810	325	800	50
925	405	925	415	965	415	965	405	200
153	883	153	893	193	893	193	883	50
228	168	228	178	268	178	268	168	150
639	581	639	591	679	591	679	581	30
663	409	663	419	703	419	703	409	50
560	235	560	245	600	245	600	235	200
754	777	754	787	794	787	794	777	150
530	721	530	731	570	731	570	721	30
912	879	912	889	952	889	952	879	30
326	109	326	119	366	119	366	109	30
205	694	205	704	245	704	245	694	30
638	792	638	802	678	802	678	792	200
616	770	616	780	656	780	656	770	250
860	389	860	399	900	399	900	389	250
643	690	643	700	683	700	683	690	100
121	471	121	481	161	481	161	471	200
771	800	771	810	811	810	811	800	200
236	902	236	912	276	912	276	902	250
762	844	762	854	802	854	802	844	150
725	461	725	471	765	471	765	461	50
780	867	780	877	820	877	820	867	100
895	634	895	644	935	644	935	634	30
284	1	284	11	324	11	324	1	200
8	903	8	913	48	913	48	903	30
415	442	415	452	455	452	455	442	100
586	693	586	703	626	703	626	693	100
841	632	841	642	881	642	881	632	150
107	937	107	947	147	947	147	937	150
688	861	688	871	728	871	728	861	150
209	197	209	207	249	207	249	197	50
523	411	523	421	563	421	563	411	200
814	780	814	790	854	790	854	780	150
701	592	701	602	741	602	741	592	250
11	917	11	927	51	927	51	917	50
816	717	816	727	856	727	856	717	200
589	273	589	283	629	283	629	273	50
186	30	186	40	226	40	226	30	100
145	283	145	293	185	293	185	283	200
572	953	572	963	612	963	612	953	50
354	19	354	29	394	29	394	19	250
898	355	898	365	938	365	938	355	30
705	894	705	904	745	904	745	894	100
337	868	337	878	377	878	377	868	30
380	517	380	527	420	527	420	517	100
618	919	618	929	658	929	658	919	100
531	66	531	76	571	76	571	66	150
733	256	733	266	773	266	773	256	250
36	492	36	502	76	502	76	492	250
338	568	338	578	378	578	378	568	50
933	950	933	960	973	960	973	950	200
391	271	391	281	431	281	431	271	250
946	318	946	328	986	328	986	318	100
619	563	619	573	659	573	659	563	200
817	575	817	585	857	585	857	575	30
38	770	38	780	78	780	78	770	150
173	955	173	965	213	965	213	955	50
224	368	224	378	264	378	264	368	250
22	136	22	146	62	146	62	136	200
166	592	166	602	206	602	206	592	200
417	141	417	151	457	151	457	141	30
816	465	816	475	856	475	856	465	200
23	541	23	551	63	551	63	541	250
88	884	88	894	128	894	128	884	100
216	293	216	303	256	303	256	293	30
740	732	740	742	780	742	780	732	50
265	179	265	189	305	189	305	179	150
772	517	772	527	812	527	812	517	250
281	234	281	244	321	244	321	234	200
892	507	892	517	932	517	932	507	150
125	977	125	987	165	987	165	977	150
792	263	792	273	832	273	832	263	150
144	689	144	699	184	699	184	689	150
122	164	122	174	162	174	162	164	250
333	762	333	772	373	772	373	762	250
337	538	337	548	377	548	377	538	250
332	249	332	259	372	259	372	249	50
864	834	864	844	904	844	904	834	200
922	109	922	119	962	119	962	109	50
917	173	917	183	957	183	957	173	200
370	153	370	163	410	163	410	153	250
418	741	418	751	458	751	458	741	150
251	829	251	839	291	839	291	829	50
69	560	69	570	109	570	109	560	150
347	944	347	954	387	954	387	944	200
570	847	570	857	610	857	610	847	50
16	888	16	898	56	898	56	888	50
869	192	869	202	909	202	909	192	50
768	745	768	755	808	755	808	745	250
900	668	900	678	940	678	940	668	30
568	259	568	269	608	269	608	259	30
580	930	580	940	620	940	620	930	30
531	123	531	133	571	133	571	123	30
549	613	549	623	589	623	589	613	200
198	966	198	976	238	976	238	966	30
708	569	708	579	748	579	748	569	30
254	90	254	100	294	100	294	90	100
802	287	802	297	842	297	842	287	30
916	52	916	62	956	62	956	52	200
127	960	127	970	167	970	167	960	200
676	140	676	150	716	150	716	140	50
713	353	713	363	753	363	753	353	30
219	138	219	148	259	148	259	138	150
740	503	740	513	780	513	780	503	30
224	64	224	74	264	74	264	64	50
537	806	537	816	577	816	577	806	50
347	607	347	617	387	617	387	607	200
850	156	850	166	890	166	890	156	100
650	68	650	78	690	78	690	68	150
200	504	200	514	240	514	240	504	50
386	834	386	844	426	844	426	834	30
276	730	276	740	316	740	316	730	100
284	447	284	457	324	457	324	447	30
352	584	352	594	392	594	392	584	150
299	265	299	275	339	275	339	265	150
609	601	609	611	649	611	649	601	100
285	198	285	208	325	208	325	198	250
76	144	76	154	116	154	116	144	150
225	252	225	262	265	262	265	252	100
431	354	431	364	471	364	471	354	100
525	856	525	866	565	866	565	856	30
417	229	417	239	457	239	457	229	200
832	130	832	140	872	140	872	130	100
79	5	79	15	119	15	119	5	30
563	359	563	369	603	369	603	359	150
297	524	297	534	337	534	337	524	30
882	579	882	589	922	589	922	579	200
758	84	758	94	798	94	798	84	100
56	530	56	540	96	540	96	530	50
259	76	259	86	299	86	299	76	150
704	945	704	955	744	955	744	945	100
106	320	106	330	146	330	146	320	200
290	420	290	430	330	430	330	420	30
11	320	11	330	51	330	51	320	150
313	152	313	162	353	162	353	152	30
46	675	46	685	86	685	86	675	250
959	87	959	97	999	97	999	87	200
725	907	725	917	765	917	765	907	100
214	434	214	444	254	444	254	434	50
850	415	850	425	890	425	890	415	150
541	499	541	509	581	509	581	499	30
586	751	586	761	626	761	626	751	200
398	34	398	44	438	44	438	34	150
949	386	949	396	989	396	989	386	30
511	97	511	107	551	107	551	97	150
670	905	670	915	710	915	710	905	30
168	539	168	549	208	549	208	539	250
796	42	796	52	836	52	836	42	150
429	51	429	61	469	61	469	51	200
100	180	100	190	140	190	140	180	200
602	975	602	985	642	985	642	975	150
356	376	356	386	396	386	396	376	100
451	402	451	412	491	412	491	402	100
256	473	256	483	296	483	296	473	200
99	37	99	47	139	47	139	37	100
342	638	342	648	382	648	382	638	150
181	736	181	746	221	746	221	736	100
710	414	710	424	750	424	750	414	50
232	627	232	637	272	637	272	627	30
864	452	864	462	904	462	904	452	100
616	456	616	466	656	466	656	456	250
855	292	855	302	895	302	895	292	100
11	358	11	368	51	368	51	358	50
215	748	215	758	255	758	255	748	30
706	244	706	254	746	254	746	244	200
563	380	563	390	603	390	603	380	50
719	535	719	545	759	545	759	535	250
679	86	679	96	719	96	719	86	150
741	69	741	79	781	79	781	69	150
65	62	65	72	105	72	105	62	250
914	210	914	220	954	220	954	210	30
890	736	890	746	930	746	930	736	250
755	678	755	688	795	688	795	678	200
841	360	841	370	881	370	881	360	150
613	895	613	905	653	905	653	895	200
951	535	951	545	991	545	991	535	250
142	864	142	874	182	874	182	864	200
432	575	432	585	472	585	472	575	150
141	10	141	20	181	20	181	10	100
381	428	381	438	421	438	421	428	150
954	742	954	752	994	752	994	742	200
176	72	176	82	216	82	216	72	200
268	593	268	603	308	603	308	593	250
660	454	660	464	700	464	700	454	150
686	210	686	220	726	220	726	210	100
255	950	255	960	295	960	295	950	200
514	235	514	245	554	245	554	235	200
109	838	109	848	149	848	149	838	100
92	587	92	597	132	597	132	587	30
513	4	513	14	553	14	553	4	150
951	546	951	556	991	556	991	546	30
539	565	539	575	579	575	579	565	200
637	871	637	881	677	881	677	871	150
432	16	432	26	472	26	472	16	250
69	727	69	737	109	737	109	727	200
326	711	326	721	366	721	366	711	50
193	448	193	458	233	458	233	448	200
426	240	426	250	466	250	466	240	30
414	851	414	861	454	861	454	851	30
448	553	448	563	488	563	488	553	30
526	253	526	263	566	263	566	253	200
905	25	905	35	945	35	945	25	50
5	625	5	635	45	635	45	625	100
619	530	619	540	659	540	659	530	50
354	737	354	747	394	747	394	737	200
797	692	797	702	837	702	837	692	100
140	393	140	403	180	403	180	393	50
592	679	592	689	632	689	632	679	50
733	46	733	56	773	56	773	46	150
852	539	852	549	892	549	892	539	200
848	552	848	562	888	562	888	552	30
910	374	910	384	950	384	950	374	30
858	272	858	282	898	282	898	272	50
23	872	23	882	63	882	63	872	100
771	144	771	154	811	154	811	144	150
217	515	217	525	257	525	257	515	30
947	65	947	75	987	75	987	65	200
924	616	924	626	964	626	964	616	100
723	639	723	649	763	649	763	639	200
282	104	282	114	322	114	322	104	150
511	874	511	884	551	884	551	874	150
44	409	44	419	84	419	84	409	150
758	361	758	371	798	371	798	361	200
173	629	173	639	213	639	213	629	50
184	254	184	264	224	264	224	254	30
422	101	422	111	462	111	462	101	30
695	232	695	242	735	242	735	232	150
832	766	832	776	872	776	872	766	30
37	516	37	526	77	526	77	516	30
