1000	1000
0	507	0	493	1000	493	1000	507
416	882	416	892	456	892	456	882	250
933	590	933	600	973	600	973	590	250
713	738	713	748	753	748	753	738	30
24	807	24	817	64	817	64	807	250
275	924	275	934	315	934	315	924	30
103	677	103	687	143	687	143	677	250
364	796	364	806	404	806	404	796	30
188	581	188	591	228	591	228	581	200
238	676	238	686	278	686	278	676	100
685	959	685	969	725	969	725	959	100
908	789	908	799	948	799	948	789	200
424	272	424	282	464	282	464	272	200
235	817	235	827	275	827	275	817	30
183	661	183	671	223	671	223	661	100
245	442	245	452	285	452	285	442	150
614	235	614	245	654	245	654	235	100
215	983	215	993	255	993	255	983	100
17	226	17	236	57	236	57	226	200
557	565	557	575	597	575	597	565	50
130	607	130	617	170	617	170	607	30
63	557	63	567	103	567	103	557	150
727	66	727	76	767	76	767	66	150
566	306	566	316	606	316	606	306	30
606	512	606	522	646	522	646	512	200
553	479	553	489	593	489	593	479	150
747	685	747	695	787	695	787	685	150
724	188	724	198	764	198	764	188	30
810	976	810	986	850	986	850	976	250
741	156	741	166	781	166	781	156	100
741	335	741	345	781	345	781	335	200
279	372	279	382	319	382	319	372	30
483	789	483	799	523	799	523	789	50
13	344	13	354	53	354	53	344	100
224	81	224	91	264	91	264	81	200
573	116	573	126	613	126	613	116	200
446	479	446	489	486	489	486	479	50
264	217	264	227	304	227	304	217	50
496	667	496	677	536	677	536	667	200
203	134	203	144	243	144	243	134	250
439	678	439	688	479	688	479	678	30
655	327	655	337	695	337	695	327	150
834	135	834	145	874	145	874	135	50
931	182	931	192	971	192	971	182	50
521	236	521	246	561	246	561	236	200
261	636	261	646	301	646	301	636	100
874	801	874	811	914	811	914	801	50
208	614	208	624	248	624	248	614	150
572	923	572	933	612	933	612	923	100
685	943	685	953	725	953	725	943	150
364	356	364	366	404	366	404	356	100
261	975	261	985	301	985	301	975	150
552	643	552	653	592	653	592	643	100
340	407	340	417	380	417	380	407	30
157	880	157	890	197	890	197	880	200
477	605	477	615	517	615	517	605	250
346	53	346	63	386	63	386	53	200
246	332	246	342	286	342	286	332	50
733	754	733	764	773	764	773	754	30
366	267	366	277	406	277	406	267	250
4	714	4	724	44	724	44	714	30
826	467	826	477	866	477	866	467	150
839	94	839	104	879	104	879	94	30
239	316	239	326	279	326	279	316	100
309	131	309	141	349	141	349	131	50
194	638	194	648	234	648	234	638	250
817	594	817	604	857	604	857	594	250
817	231	817	241	857	241	857	231	200
883	375	883	385	923	385	923	375	50
614	679	614	689	654	689	654	679	150
658	411	658	421	698	421	698	411	150
189	225	189	235	229	235	229	225	250
399	551	399	561	439	561	439	551	100
301	271	301	281	341	281	341	271	30
876	234	876	244	916	244	916	234	30
128	844	128	854	168	854	168	844	30
439	80	439	90	479	90	479	80	150
889	847	889	857	929	857	929	847	30
848	206	848	216	888	216	888	206	250
52	483	52	493	92	493	92	483	150
499	801	499	811	539	811	539	801	100
905	103	905	113	945	113	945	103	50
764	93	764	103	804	103	804	93	250
894	825	894	835	934	835	934	825	100
63	140	63	150	103	150	103	140	30
560	54	560	64	600	64	600	54	250
193	293	193	303	233	303	233	293	30
599	690	599	700	639	700	639	690	100
3	606	3	616	43	616	43	606	100
223	146	223	156	263	156	263	146	150
26	854	26	864	66	864	66	854	200
145	952	145	962	185	962	185	952	30
809	69	809	79	849	79	849	69	30
742	627	742	637	782	637	782	627	250
335	144	335	154	375	154	375	144	100
138	44	138	54	178	54	178	44	250
653	804	653	814	693	814	693	804	250
875	551	875	561	915	561	915	551	50
458	953	458	963	498	963	498	953	30
530	600	530	610	570	610	570	600	150
691	593	691	603	731	603	731	593	150
232	868	232	878	272	878	272	868	30
709	613	709	623	749	623	749	613	150
177	898	177	908	217	908	217	898	200
923	660	923	670	963	670	963	660	30
593	704	593	714	633	714	633	704	250
188	374	188	384	228	384	228	374	100
375	250	375	260	415	260	415	250	200
347	575	347	585	387	585	387	575	30
16	830	16	840	56	840	56	830	250
226	700	226	710	266	710	266	700	150
185	50	185	60	225	60	225	50	100
925	452	925	462	965	462	965	452	100
898	48	898	58	938	58	938	48	250
180	116	180	126	220	126	220	116	150
309	622	309	632	349	632	349	622	200
515	199	515	209	555	209	555	199	250
492	97	492	107	532	107	532	97	150
62	467	62	477	102	477	102	467	200
355	98	355	108	395	108	395	98	150
791	32	791	42	831	42	831	32	150
176	101	176	111	216	111	216	101	50
15	868	15	878	55	878	55	868	50
35	788	35	798	75	798	75	788	200
749	837	749	847	789	847	789	837	150
947	89	947	99	987	99	987	89	30
142	335	142	345	182	345	182	335	200
879	523	879	533	919	533	919	523	30
297	820	297	830	337	830	337	820	30
258	229	258	239	298	239	298	229	200
290	874	290	884	330	884	330	874	200
375	823	375	833	415	833	415	823	250
514	144	514	154	554	154	554	144	50
610	19	610	29	650	29	650	19	30
40	38	40	48	80	48	80	38	30
403	199	403	209	443	209	443	199	50
348	679	348	689	388	689	388	679	150
326	293	326	303	366	303	366	293	200
840	959	840	969	880	969	880	959	250
400	600	400	610	440	610	440	600	250
827	480	827	490	867	490	867	480	200
366	426	366	436	406	436	406	426	50
571	143	571	153	611	153	611	143	250
295	963	295	973	335	973	335	963	150
82	180	82	190	122	190	122	180	50
301	909	301	919	341	919	341	909	250
149	138	149	148	189	148	189	138	50
220	929	220	939	260	939	260	929	200
889	696	889	706	929	706	929	696	50
424	344	424	354	464	354	464	344	30
585	891	585	901	625	901	625	891	30
129	151	129	161	169	161	169	151	30
484	156	484	166	524	166	524	156	250
348	38	348	48	388	48	388	38	30
104	776	104	786	144	786	144	776	250
343	668	343	678	383	678	383	668	200
308	974	308	984	348	984	348	974	200
232	953	232	963	272	963	272	953	150
954	883	954	893	994	893	994	883	100
198	315	198	325	238	325	238	315	250
481	729	481	739	521	739	521	729	200
443	904	443	914	483	914	483	904	100
923	213	923	223	963	223	963	213	150
429	176	429	186	469	186	469	176	150
257	720	257	730	297	730	297	720	50
237	559	237	569	277	569	277	559	200
334	837	334	847	374	847	374	837	30
303	314	303	324	343	324	343	314	50
155	444	155	454	195	454	195	444	200
854	400	854	410	894	410	894	400	150
274	159	274	169	314	169	314	159	250
66	267	66	277	106	277	106	267	100
854	172	854	182	894	182	894	172	30
416	724	416	734	456	734	456	724	150
490	455	490	465	530	465	530	455	30
662	397	662	407	702	407	702	397	150
466	521	466	531	506	531	506	521	100
786	732	786	742	826	742	826	732	250
615	146	615	156	655	156	655	146	50
37	736	37	746	77	746	77	736	250
817	8	817	18	857	18	857	8	250
852	388	852	398	892	398	892	388	100
639	913	639	923	679	923	679	913	250
231	655	231	665	271	665	271	655	200
305	42	305	52	345	52	345	42	200
434	626	434	636	474	636	474	626	200
639	105	639	115	679	115	679	105	30
390	971	390	981	430	981	430	971	250
916	272	916	282	956	282	956	272	250
627	735	627	745	667	745	667	735	250
287	507	287	517	327	517	327	507	30
656	633	656	643	696	643	696	633	200
383	735	383	745	423	745	423	735	250
662	776	662	786	702	786	702	776	250
652	887	652	897	692	897	692	887	50
578	97	578	107	618	107	618	97	30
844	54	844	64	884	64	884	54	200
725	885	725	895	765	895	765	885	100
457	701	457	711	497	711	497	701	150
799	50	799	60	839	60	839	50	250
378	621	378	631	418	631	418	621	150
381	453	381	463	421	463	421	453	30
400	713	400	723	440	723	440	713	150
530	160	530	170	570	170	570	160	250
769	215	769	225	809	225	809	215	200
318	859	318	869	358	869	358	859	150
736	955	736	965	776	965	776	955	30
870	638	870	648	910	648	910	638	50
793	187	793	197	833	197	833	187	150
808	548	808	558	848	558	848	548	250
332	731	332	741	372	741	372	731	30
316	743	316	753	356	753	356	743	50
684	479	684	489	724	489	724	479	250
635	379	635	389	675	389	675	379	250
95	966	95	976	135	976	135	966	150
925	870	925	880	965	880	965	870	50
647	163	647	173	687	173	687	163	50
175	751	175	761	215	761	215	751	30
299	408	299	418	339	418	339	408	200
811	627	811	637	851	637	851	627	250
656	835	656	845	696	845	696	835	100
204	778	204	788	244	788	244	778	50
550	80	550	90	590	90	590	80	50
694	977	694	987	734	987	734	977	30
95	730	95	740	135	740	135	730	200
464	217	464	227	504	227	504	217	30
455	587	455	597	495	597	495	587	150
937	540	937	550	977	550	977	540	200
746	527	746	537	786	537	786	527	250
796	303	796	313	836	313	836	303	250
784	280	784	290	824	290	824	280	100
207	354	207	364	247	364	247	354	250
889	354	889	364	929	364	929	354	200
702	860	702	870	742	870	742	860	100
26	973	26	983	66	983	66	973	150
70	58	70	68	110	68	110	58	150
183	516	183	526	223	526	223	516	200
617	936	617	946	657	946	657	936	200
734	346	734	356	774	356	774	346	100
543	809	543	819	583	819	583	809	50
441	773	441	783	481	783	481	773	100
18	245	18	255	58	255	58	245	50
4	691	4	701	44	701	44	691	30
133	83	133	93	173	93	173	83	200
212	242	212	252	252	252	252	242	50
374	952	374	962	414	962	414	952	200
357	82	357	92	397	92	397	82	200
326	645	326	655	366	655	366	645	150
78	744	78	754	118	754	118	744	150
586	382	586	392	626	392	626	382	50
664	146	664	156	704	156	704	146	200
711	258	711	268	751	268	751	258	50
550	907	550	917	590	917	590	907	150
901	133	901	143	941	143	941	133	250
809	582	809	592	849	592	849	582	30
241	263	241	273	281	273	281	263	50
794	853	794	863	834	863	834	853	150
589	987	589	997	629	997	629	987	150
943	239	943	249	983	249	983	239	200
219	70	219	80	259	80	259	70	100
462	24	462	34	502	34	502	24	50
255	537	255	547	295	547	295	537	250
681	339	681	349	721	349	721	339	30
563	946	563	956	603	956	603	946	50
431	317	431	327	471	327	471	317	200
285	836	285	846	325	846	325	836	30
98	442	98	452	138	452	138	442	50
826	124	826	134	866	134	866	124	100
614	657	614	667	654	667	654	657	150
135	196	135	206	175	206	175	196	30
919	913	919	923	959	923	959	913	30
648	182	648	192	688	192	688	182	100
796	158	796	168	836	168	836	158	100
301	24	301	34	341	34	341	24	30
615	902	615	912	655	912	655	902	200
379	439	379	449	419	449	419	439	50
446	232	446	242	486	242	486	232	100
2	621	2	631	42	631	42	621	250
88	700	88	710	128	710	128	700	250
41	702	41	712	81	712	81	702	150
154	592	154	602	194	602	194	592	30
392	522	392	532	432	532	432	522	100
120	520	120	530	160	530	160	520	200
918	336	918	346	958	346	958	336	200
746	542	746	552	786	552	786	542	100
430	294	430	304	470	304	470	294	50
453	54	453	64	493	64	493	54	100
678	712	678	722	718	722	718	712	30
817	810	817	820	857	820	857	810	30
537	545	537	555	577	555	577	545	200
152	680	152	690	192	690	192	680	200
363	903	363	913	403	913	403	903	50
660	526	660	536	700	536	700	526	250
943	323	943	333	983	333	983	323	200
753	599	753	609	793	609	793	599	50
666	543	666	553	706	553	706	543	150
354	14	354	24	394	24	394	14	50
591	548	591	558	631	558	631	548	50
511	514	511	524	551	524	551	514	50
82	864	82	874	122	874	122	864	150
106	479	106	489	146	489	146	479	100
663	126	663	136	703	136	703	126	30
211	159	211	169	251	169	251	159	50
838	511	838	521	878	521	878	511	50
81	608	81	618	121	618	121	608	200
359	332	359	342	399	342	399	332	50
740	302	740	312	780	312	780	302	50
509	430	509	440	549	440	549	430	100
779	115	779	125	819	125	819	115	50
572	341	572	351	612	351	612	341	250
577	418	577	428	617	428	617	418	30
129	761	129	771	169	771	169	761	150
904	7	904	17	944	17	944	7	30
955	621	955	631	995	631	995	621	50
931	482	931	492	971	492	971	482	250
272	589	272	599	312	599	312	589	200
931	68	931	78	971	78	971	68	50
783	384	783	394	823	394	823	384	150
579	218	579	228	619	228	619	218	150
764	719	764	729	804	729	804	719	250
681	29	681	39	721	39	721	29	150
340	182	340	192	380	192	380	182	100
807	666	807	676	847	676	847	666	200
402	126	402	136	442	136	442	126	50
515	347	515	357	555	357	555	347	200
93	816	93	826	133	826	133	816	200
694	461	694	471	734	471	734	461	150
695	226	695	236	735	236	735	226	30
78	211	78	221	118	221	118	211	30
392	399	392	409	432	409	432	399	30
90	424	90	434	130	434	130	424	150
120	165	120	175	160	175	160	165	50
16	906	16	916	56	916	56	906	30
922	676	922	686	962	686	962	676	30
734	48	734	58	774	58	774	48	100
865	67	865	77	905	77	905	67	50
561	876	561	886	601	886	601	876	30
671	55	671	65	711	65	711	55	100
690	284	690	294	730	294	730	284	150
603	445	603	455	643	455	643	445	30
433	794	433	804	473	804	473	794	200
146	937	146	947	186	947	186	937	50
827	641	827	651	867	651	867	641	200
585	724	585	734	625	734	625	724	200
327	776	327	786	367	786	367	776	150
287	360	287	370	327	370	327	360	250
815	924	815	934	855	934	855	924	50
293	684	293	694	333	694	333	684	30
30	330	30	340	70	340	70	330	150
79	411	79	421	119	421	119	411	250
322	937	322	947	362	947	362	937	100
314	533	314	543	354	543	354	533	150
791	701	791	711	831	711	831	701	100
516	694	516	704	556	704	556	694	30
143	185	143	195	183	195	183	185	250
633	360	633	370	673	370	673	360	50
218	804	218	814	258	814	258	804	100
949	435	949	445	989	445	989	435	250
515	394	515	404	555	404	555	394	150
284	8	284	18	324	18	324	8	30
684	676	684	686	724	686	724	676	200
241	461	241	471	281	471	281	461	250
555	432	555	442	595	442	595	432	200
56	79	56	89	96	89	96	79	100
306	796	306	806	346	806	346	796	250
0	417	0	427	40	427	40	417	50
356	193	356	203	396	203	396	193	150
473	543	473	553	513	553	513	543	100
122	465	122	475	162	475	162	465	100
21	314	21	324	61	324	61	314	30
