1000	1000
0	664	0	650	1000	650	1000	664
0	350	0	336	1000	336	1000	350
336	1000	336	0	350	0	350	1000
650	1000	650	0	664	0	664	1000
502	790	502	800	542	800	542	790	200
394	721	394	731	434	731	434	721	100
191	666	191	676	231	676	231	666	30
794	316	794	326	834	326	834	316	250
781	507	781	517	821	517	821	507	50
848	385	848	395	888	395	888	385	100
802	725	802	735	842	735	842	725	30
482	252	482	262	522	262	522	252	200
769	959	769	969	809	969	809	959	250
24	169	24	179	64	179	64	169	100
295	750	295	760	335	760	335	750	150
795	55	795	65	835	65	835	55	250
950	222	950	232	990	232	990	222	250
383	354	383	364	423	364	423	354	150
537	324	537	334	577	334	577	324	50
748	591	748	601	788	601	788	591	100
432	154	432	164	472	164	472	154	50
417	108	417	118	457	118	457	108	250
43	444	43	454	83	454	83	444	150
393	972	393	982	433	982	433	972	250
904	189	904	199	944	199	944	189	100
403	701	403	711	443	711	443	701	100
173	267	173	277	213	277	213	267	250
790	382	790	392	830	392	830	382	150
900	833	900	843	940	843	940	833	200
91	418	91	428	131	428	131	418	50
219	235	219	245	259	245	259	235	30
869	200	869	210	909	210	909	200	200
956	741	956	751	996	751	996	741	50
140	430	140	440	180	440	180	430	50
490	830	490	840	530	840	530	830	200
766	455	766	465	806	465	806	455	50
294	632	294	642	334	642	334	632	250
109	325	109	335	149	335	149	325	150
61	478	61	488	101	488	101	478	150
93	78	93	88	133	88	133	78	200
922	441	922	451	962	451	962	441	100
758	354	758	364	798	364	798	354	150
482	314	482	324	522	324	522	314	200
454	446	454	456	494	456	494	446	30
943	760	943	770	983	770	983	760	200
591	918	591	928	631	928	631	918	150
715	179	715	189	755	189	755	179	30
106	732	106	742	146	742	146	732	150
674	706	674	716	714	716	714	706	200
782	225	782	235	822	235	822	225	250
129	917	129	927	169	927	169	917	250
397	864	397	874	437	874	437	864	100
207	311	207	321	247	321	247	311	50
585	116	585	126	625	126	625	116	200
289	186	289	196	329	196	329	186	100
886	484	886	494	926	494	926	484	50
575	481	575	491	615	491	615	481	200
511	775	511	785	551	785	551	775	50
449	755	449	765	489	765	489	755	50
578	213	578	223	618	223	618	213	200
363	885	363	895	403	895	403	885	150
454	686	454	696	494	696	494	686	200
797	155	797	165	837	165	837	155	50
72	133	72	143	112	143	112	133	30
475	404	475	414	515	414	515	404	50
242	506	242	516	282	516	282	506	250
805	77	805	87	845	87	845	77	200
81	35	81	45	121	45	121	35	100
262	929	262	939	302	939	302	929	30
509	717	509	727	549	727	549	717	250
762	776	762	786	802	786	802	776	30
901	883	901	893	941	893	941	883	250
432	561	432	571	472	571	472	561	200
692	563	692	573	732	573	732	563	250
268	269	268	279	308	279	308	269	200
154	470	154	480	194	480	194	470	30
377	177	377	187	417	187	417	177	200
706	781	706	791	746	791	746	781	200
944	395	944	405	984	405	984	395	30
196	117	196	127	236	127	236	117	30
594	591	594	601	634	601	634	591	30
269	789	269	799	309	799	309	789	150
174	199	174	209	214	209	214	199	100
447	883	447	893	487	893	487	883	250
411	248	411	258	451	258	451	248	150
400	305	400	315	440	315	440	305	150
270	890	270	900	310	900	310	890	30
941	943	941	953	981	953	981	943	250
380	801	380	811	420	811	420	801	150
685	897	685	907	725	907	725	897	100
815	958	815	968	855	968	855	958	50
128	447	128	457	168	457	168	447	200
951	859	951	869	991	869	991	859	100
180	632	180	642	220	642	220	632	30
436	623	436	633	476	633	476	623	100
541	309	541	319	581	319	581	309	200
2	511	2	521	42	521	42	511	150
96	188	96	198	136	198	136	188	30
292	234	292	244	332	244	332	234	100
270	600	270	610	310	610	310	600	50
365	189	365	199	405	199	405	189	250
531	958	531	968	571	968	571	958	30
686	440	686	450	726	450	726	440	50
437	83	437	93	477	93	477	83	100
207	24	207	34	247	34	247	24	200
476	807	476	817	516	817	516	807	50
740	697	740	707	780	707	780	697	150
597	625	597	635	637	635	637	625	30
360	42	360	52	400	52	400	42	150
509	466	509	476	549	476	549	466	150
582	718	582	728	622	728	622	718	150
57	508	57	518	97	518	97	508	30
403	853	403	863	443	863	443	853	50
467	16	467	26	507	26	507	16	50
227	864	227	874	267	874	267	864	30
712	228	712	238	752	238	752	228	50
821	629	821	639	861	639	861	629	30
0	242	0	252	40	252	40	242	30
671	221	671	231	711	231	711	221	200
63	771	63	781	103	781	103	771	250
720	168	720	178	760	178	760	168	30
567	930	567	940	607	940	607	930	150
144	101	144	111	184	111	184	101	100
538	284	538	294	578	294	578	284	250
21	288	21	298	61	298	61	288	200
37	786	37	796	77	796	77	786	200
203	179	203	189	243	189	243	179	100
853	504	853	514	893	514	893	504	30
170	300	170	310	210	310	210	300	30
852	43	852	53	892	53	892	43	200
596	162	596	172	636	172	636	162	100
470	975	470	985	510	985	510	975	100
163	736	163	746	203	746	203	736	200
237	211	237	221	277	221	277	211	50
456	53	456	63	496	63	496	53	100
402	782	402	792	442	792	442	782	200
670	674	670	684	710	684	710	674	50
37	558	37	568	77	568	77	558	100
804	427	804	437	844	437	844	427	50
257	351	257	361	297	361	297	351	50
229	550	229	560	269	560	269	550	50
845	228	845	238	885	238	885	228	150
951	824	951	834	991	834	991	824	30
228	839	228	849	268	849	268	839	200
93	104	93	114	133	114	133	104	30
487	385	487	395	527	395	527	385	30
697	279	697	289	737	289	737	279	100
814	870	814	880	854	880	854	870	200
118	546	118	556	158	556	158	546	50
888	247	888	257	928	257	928	247	150
954	132	954	142	994	142	994	132	200
816	265	816	275	856	275	856	265	200
685	969	685	979	725	979	725	969	30
226	450	226	460	266	460	266	450	200
125	511	125	521	165	521	165	511	150
695	832	695	842	735	842	735	832	30
839	167	839	177	879	177	879	167	150
360	486	360	496	400	496	400	486	30
376	222	376	232	416	232	416	222	200
453	546	453	556	493	556	493	546	100
141	825	141	835	181	835	181	825	150
602	241	602	251	642	251	642	241	150
168	755	168	765	208	765	208	755	50
154	980	154	990	194	990	194	980	50
51	543	51	553	91	553	91	543	250
85	910	85	920	125	920	125	910	200
249	965	249	975	289	975	289	965	50
455	372	455	382	495	382	495	372	100
846	541	846	551	886	551	886	541	150
872	426	872	436	912	436	912	426	30
407	236	407	246	447	246	447	236	50
843	911	843	921	883	921	883	911	200
501	445	501	455	541	455	541	445	250
937	618	937	628	977	628	977	618	150
180	66	180	76	220	76	220	66	200
904	409	904	419	944	419	944	409	100
170	890	170	900	210	900	210	890	100
562	984	562	994	602	994	602	984	150
687	374	687	384	727	384	727	374	30
173	689	173	699	213	699	213	689	250
60	968	60	978	100	978	100	968	100
899	98	899	108	939	108	939	98	100
379	830	379	840	419	840	419	830	200
276	944	276	954	316	954	316	944	200
136	493	136	503	176	503	176	493	250
933	311	933	321	973	321	973	311	250
448	177	448	187	488	187	488	177	150
734	881	734	891	774	891	774	881	200
132	607	132	617	172	617	172	607	30
272	802	272	812	312	812	312	802	250
218	825	218	835	258	835	258	825	30
719	265	719	275	759	275	759	265	30
750	289	750	299	790	299	790	289	150
863	121	863	131	903	131	903	121	200
513	524	513	534	553	534	553	524	50
605	381	605	391	645	391	645	381	100
75	269	75	279	115	279	115	269	30
931	53	931	63	971	63	971	53	100
248	434	248	444	288	444	288	434	150
153	1	153	11	193	11	193	1	250
742	118	742	128	782	128	782	118	250
877	559	877	569	917	569	917	559	250
937	704	937	714	977	714	977	704	250
518	583	518	593	558	593	558	583	30
843	729	843	739	883	739	883	729	200
834	602	834	612	874	612	874	602	200
804	936	804	946	844	946	844	936	50
580	772	580	782	620	782	620	772	100
256	49	256	59	296	59	296	49	200
515	214	515	224	555	224	555	214	30
688	595	688	605	728	605	728	595	30
37	849	37	859	77	859	77	849	200
445	669	445	679	485	679	485	669	30
672	394	672	404	712	404	712	394	100
25	928	25	938	65	938	65	928	200
445	476	445	486	485	486	485	476	250
439	940	439	950	479	950	479	940	100
462	729	462	739	502	739	502	729	30
737	390	737	400	777	400	777	390	250
799	356	799	366	839	366	839	356	200
485	600	485	610	525	610	525	600	30
959	635	959	645	999	645	999	635	250
759	36	759	46	799	46	799	36	30
850	689	850	699	890	699	890	689	100
693	125	693	135	733	135	733	125	200
363	744	363	754	403	754	403	744	100
111	576	111	586	151	586	151	576	30
222	295	222	305	262	305	262	295	150
834	578	834	588	874	588	874	578	150
57	358	57	368	97	368	97	358	30
682	944	682	954	722	954	722	944	150
490	196	490	206	530	206	530	196	100
499	97	499	107	539	107	539	97	250
594	43	594	53	634	53	634	43	150
419	463	419	473	459	473	459	463	200
770	559	770	569	810	569	810	559	50
27	431	27	441	67	441	67	431	250
737	980	737	990	777	990	777	980	50
246	464	246	474	286	474	286	464	50
731	9	731	19	771	19	771	9	30
521	139	521	149	561	149	561	139	200
847	465	847	475	887	475	887	465	30
141	249	141	259	181	259	181	249	100
262	479	262	489	302	489	302	479	100
123	855	123	865	163	865	163	855	250
870	528	870	538	910	538	910	528	200
146	217	146	227	186	227	186	217	50
904	969	904	979	944	979	944	969	100
375	409	375	419	415	419	415	409	50
721	925	721	935	761	935	761	925	150
913	171	913	181	953	181	953	171	250
920	596	920	606	960	606	960	596	30
118	689	118	699	158	699	158	689	250
556	881	556	891	596	891	596	881	30
469	703	469	713	509	713	509	703	150
749	840	749	850	789	850	789	840	30
214	133	214	143	254	143	254	133	150
806	667	806	677	846	677	846	667	250
599	186	599	196	639	196	639	186	200
127	353	127	363	167	363	167	353	50
549	630	549	640	589	640	589	630	30
7	114	7	124	47	124	47	114	250
269	718	269	728	309	728	309	718	200
411	907	411	917	451	917	451	907	250
371	632	371	642	411	642	411	632	150
275	673	275	683	315	683	315	673	100
547	65	547	75	587	75	587	65	150
136	50	136	60	176	60	176	50	250
453	37	453	47	493	47	493	37	150
400	63	400	73	440	73	440	63	100
522	756	522	766	562	766	562	756	150
80	825	80	835	120	835	120	825	250
606	431	606	441	646	441	646	431	150
900	38	900	48	940	48	940	38	250
218	250	218	260	258	260	258	250	30
558	450	558	460	598	460	598	450	30
277	984	277	994	317	994	317	984	250
505	557	505	567	545	567	545	557	30
545	233	545	243	585	243	585	233	100
769	575	769	585	809	585	809	575	50
131	377	131	387	171	387	171	377	150
180	147	180	157	220	157	220	147	30
248	89	248	99	288	99	288	89	100
356	667	356	677	396	677	396	667	150
791	792	791	802	831	802	831	792	250
735	248	735	258	775	258	775	248	200
381	96	381	106	421	106	421	96	30
898	24	898	34	938	34	938	24	150
589	750	589	760	629	760	629	750	250
783	520	783	530	823	530	823	520	50
8	391	8	401	48	401	48	391	250
600	78	600	88	640	88	640	78	30
202	596	202	606	242	606	242	596	150
796	895	796	905	836	905	836	895	50
381	160	381	170	421	170	421	160	30
941	245	941	255	981	255	981	245	150
185	497	185	507	225	507	225	497	200
271	618	271	628	311	628	311	618	100
137	232	137	242	177	242	177	232	150
20	830	20	840	60	840	60	830	250
469	517	469	527	509	527	509	517	100
255	383	255	393	295	393	295	383	150
473	852	473	862	513	862	513	852	150
593	815	593	825	633	825	633	815	150
132	65	132	75	172	75	172	65	30
184	785	184	795	224	795	224	785	100
854	355	854	365	894	365	894	355	100
395	393	395	403	435	403	435	393	250
851	75	851	85	891	85	891	75	30
388	679	388	689	428	689	428	679	200
503	363	503	373	543	373	543	363	250
829	178	829	188	869	188	869	178	30
202	572	202	582	242	582	242	572	30
589	804	589	814	629	814	629	804	250
936	292	936	302	976	302	976	292	200
129	564	129	574	169	574	169	564	200
957	183	957	193	997	193	997	183	100
224	738	224	748	264	748	264	738	100
427	427	427	437	467	437	467	427	250
746	744	746	754	786	754	786	744	50
937	78	937	88	977	88	977	78	250
201	466	201	476	241	476	241	466	30
433	493	433	503	473	503	473	493	30
911	774	911	784	951	784	951	774	200
510	894	510	904	550	904	550	894	250
246	72	246	82	286	82	286	72	30
85	384	85	394	125	394	125	384	150
953	720	953	730	993	730	993	720	150
681	843	681	853	721	853	721	843	250
755	905	755	915	795	915	795	905	200
529	737	529	747	569	747	569	737	50
286	420	286	430	326	430	326	420	150
34	811	34	821	74	821	74	811	200
789	589	789	599	829	599	829	589	100
47	720	47	730	87	730	87	720	30
173	935	173	945	213	945	213	935	100
55	320	55	330	95	330	95	320	50
932	203	932	213	972	213	972	203	200
699	636	699	646	739	646	739	636	100
58	621	58	631	98	631	98	621	100
937	257	937	267	977	267	977	257	30
150	969	150	979	190	979	190	969	250
822	141	822	151	862	151	862	141	50
743	631	743	641	783	641	783	631	100
535	167	535	177	575	177	575	167	100
946	526	946	536	986	536	986	526	150
190	914	190	924	230	924	230	914	200
242	113	242	123	282	123	282	113	150
287	215	287	225	327	225	327	215	100
682	301	682	311	722	311	722	301	100
923	143	923	153	963	153	963	143	50
793	476	793	486	833	486	833	476	30
923	925	923	935	963	935	963	925	30
93	935	93	945	133	945	133	935	50
63	249	63	259	103	259	103	249	150
229	612	229	622	269	622	269	612	100
894	673	894	683	934	683	934	673	50
294	20	294	30	334	30	334	20	250
187	388	187	398	227	398	227	388	30
862	740	862	750	902	750	902	740	50
669	8	669	18	709	18	709	8	200
793	495	793	505	833	505	833	495	50
959	540	959	550	999	550	999	540	200
39	701	39	711	79	711	79	701	250
22	201	22	211	62	211	62	201	250
122	481	122	491	162	491	162	481	250
946	457	946	467	986	467	986	457	150
900	511	900	521	940	521	940	511	250
692	29	692	39	732	39	732	29	30
59	595	59	605	99	605	99	595	200
1	797	1	807	41	807	41	797	30
34	415	34	425	74	425	74	415	100
815	979	815	989	855	989	855	979	100
266	307	266	317	306	317	306	307	30
752	679	752	689	792	689	792	679	30
555	555	555	565	595	565	595	555	250
411	40	411	50	451	50	451	40	150
271	4	271	14	311	14	311	4	150
883	217	883	227	923	227	923	217	200
63	686	63	696	103	696	103	686	100
117	289	117	299	157	299	157	289	250
455	214	455	224	495	224	495	214	30
179	798	179	808	219	808	219	798	100
811	452	811	462	851	462	851	452	150
673	153	673	163	713	163	713	153	150
757	714	757	724	797	724	797	714	50
824	803	824	813	864	813	864	803	150
400	382	400	392	440	392	440	382	50
573	270	573	280	613	280	613	270	200
695	862	695	872	735	872	735	862	150
67	238	67	248	107	248	107	238	50
7	366	7	376	47	376	47	366	100
891	317	891	327	931	327	931	317	50
708	60	708	70	748	70	748	60	50
788	179	788	189	828	189	828	179	150
889	844	889	854	929	854	929	844	150
169	419	169	429	209	429	209	419	100
33	491	33	501	73	501	73	491	150
928	802	928	812	968	812	968	802	200
669	464	669	474	709	474	709	464	250
897	944	897	954	937	954	937	944	30
479	4	479	14	519	14	519	4	100
127	526	127	536	167	536	167	526	150
261	400	261	410	301	410	301	400	100
127	393	127	403	167	403	167	393	250
845	947	845	957	885	957	885	947	150
606	738	606	748	646	748	646	738	100
270	127	270	137	310	137	310	127	50
794	98	794	108	834	108	834	98	150
598	132	598	142	638	142	638	132	100
447	774	447	784	487	784	487	774	50
881	810	881	820	921	820	921	810	150
710	88	710	98	750	98	750	88	100
675	422	675	432	715	432	715	422	100
393	576	393	586	433	586	433	576	100
545	685	545	695	585	695	585	685	150
938	845	938	855	978	855	978	845	50
139	124	139	134	179	134	179	124	100
954	783	954	793	994	793	994	783	250
741	131	741	141	781	141	781	131	200
702	608	702	618	742	618	742	608	250
564	424	564	434	604	434	604	424	200
423	823	423	833	463	833	463	823	50
407	958	407	968	447	968	447	958	50
275	564	275	574	315	574	315	564	50
163	874	163	884	203	884	203	874	30
700	363	700	373	740	373	740	363	200
589	5	589	15	629	15	629	5	200
675	406	675	416	715	416	715	406	250
270	703	270	713	310	713	310	703	50
593	25	593	35	633	35	633	25	250
425	928	425	938	465	938	465	928	30
278	162	278	172	318	172	318	162	150
666	234	666	244	706	244	706	234	200
18	52	18	62	58	62	58	52	200
362	954	362	964	402	964	402	954	250
547	354	547	364	587	364	587	354	250
200	80	200	90	240	90	240	80	50
217	561	217	571	257	571	257	561	50
885	752	885	762	925	762	925	752	250
556	861	556	871	596	871	596	861	200
703	312	703	322	743	322	743	312	250
437	281	437	291	477	291	477	281	30
666	763	666	773	706	773	706	763	50
583	837	583	847	623	847	623	837	50
278	141	278	151	318	151	318	141	200
802	925	802	935	842	935	842	925	50
684	528	684	538	724	538	724	528	30
407	519	407	529	447	529	447	519	150
756	430	756	440	796	440	796	430	150
600	446	600	456	640	456	640	446	150
755	851	755	861	795	861	795	851	50
750	759	750	769	790	769	790	759	200
22	881	22	891	62	891	62	881	150
84	521	84	531	124	531	124	521	30
778	242	778	252	818	252	818	242	100
879	868	879	878	919	878	919	868	30
254	493	254	503	294	503	294	493	250
441	870	441	880	481	880	481	870	250
725	483	725	493	765	493	765	483	100
221	934	221	944	261	944	261	934	100
87	986	87	996	127	996	127	986	200
254	199	254	209	294	209	294	199	200
732	943	732	953	772	953	772	943	100
941	988	941	998	981	998	981	988	30
387	444	387	454	427	454	427	444	30
819	855	819	865	859	865	859	855	150
577	614	577	624	617	624	617	614	100
804	393	804	403	844	403	844	393	100
10	63	10	73	50	73	50	63	30
712	914	712	924	752	924	752	914	30
711	210	711	220	751	220	751	210	50
81	809	81	819	121	819	121	809	30
874	8	874	18	914	18	914	8	150
953	771	953	781	993	781	993	771	200
767	214	767	224	807	224	807	214	150
