1000	1000
0	507	0	493	1000	493	1000	507
493	1000	493	0	507	0	507	1000
294	935	294	945	334	945	334	935	30
327	908	327	918	367	918	367	908	150
25	875	25	885	65	885	65	875	200
773	966	773	976	813	976	813	966	250
842	364	842	374	882	374	882	364	100
903	643	903	653	943	653	943	643	30
578	71	578	81	618	81	618	71	50
110	165	110	175	150	175	150	165	250
532	606	532	616	572	616	572	606	250
109	577	109	587	149	587	149	577	30
604	642	604	652	644	652	644	642	50
654	142	654	152	694	152	694	142	100
518	131	518	141	558	141	558	131	50
906	595	906	605	946	605	946	595	150
25	644	25	654	65	654	65	644	200
575	34	575	44	615	44	615	34	150
609	876	609	886	649	886	649	876	200
359	346	359	356	399	356	399	346	250
113	768	113	778	153	778	153	768	50
425	263	425	273	465	273	465	263	200
176	854	176	864	216	864	216	854	250
728	42	728	52	768	52	768	42	100
140	980	140	990	180	990	180	980	250
512	76	512	86	552	86	552	76	200
273	658	273	668	313	668	313	658	50
908	507	908	517	948	517	948	507	200
560	882	560	892	600	892	600	882	250
270	475	270	485	310	485	310	475	200
712	828	712	838	752	838	752	828	100
394	677	394	687	434	687	434	677	150
326	739	326	749	366	749	366	739	200
339	924	339	934	379	934	379	924	50
282	887	282	897	322	897	322	887	200
16	412	16	422	56	422	56	412	150
587	167	587	177	627	177	627	167	50
292	871	292	881	332	881	332	871	250
121	297	121	307	161	307	161	297	200
936	142	936	152	976	152	976	142	30
431	156	431	166	471	166	471	156	30
621	208	621	218	661	218	661	208	50
673	618	673	628	713	628	713	618	30
794	129	794	139	834	139	834	129	150
948	939	948	949	988	949	988	939	250
142	410	142	420	182	420	182	410	200
663	122	663	132	703	132	703	122	30
937	457	937	467	977	467	977	457	200
728	477	728	487	768	487	768	477	30
197	165	197	175	237	175	237	165	200
545	587	545	597	585	597	585	587	30
530	101	530	111	570	111	570	101	30
363	720	363	730	403	730	403	720	30
537	293	537	303	577	303	577	293	100
953	754	953	764	993	764	993	754	50
107	515	107	525	147	525	147	515	30
951	627	951	637	991	637	991	627	150
439	411	439	421	479	421	479	411	200
453	682	453	692	493	692	493	682	50
885	328	885	338	925	338	925	328	30
225	618	225	628	265	628	265	618	50
856	345	856	355	896	355	896	345	100
304	45	304	55	344	55	344	45	30
237	937	237	947	277	947	277	937	50
745	317	745	327	785	327	785	317	200
198	733	198	743	238	743	238	733	100
895	787	895	797	935	797	935	787	250
898	683	898	693	938	693	938	683	250
904	438	904	448	944	448	944	438	50
534	415	534	425	574	425	574	415	250
369	961	369	971	409	971	409	961	30
196	572	196	582	236	582	236	572	200
824	293	824	303	864	303	864	293	50
716	759	716	769	756	769	756	759	200
827	41	827	51	867	51	867	41	30
827	725	827	735	867	735	867	725	150
166	892	166	902	206	902	206	892	200
944	42	944	52	984	52	984	42	250
166	824	166	834	206	834	206	824	150
28	153	28	163	68	163	68	153	50
386	514	386	524	426	524	426	514	250
633	573	633	583	673	583	673	573	150
620	911	620	921	660	921	660	911	30
654	949	654	959	694	959	694	949	30
707	842	707	852	747	852	747	842	200
83	800	83	810	123	810	123	800	100
873	547	873	557	913	557	913	547	150
330	669	330	679	370	679	370	669	150
512	638	512	648	552	648	552	638	100
166	422	166	432	206	432	206	422	200
522	387	522	397	562	397	562	387	150
925	77	925	87	965	87	965	77	150
524	916	524	926	564	926	564	916	150
769	617	769	627	809	627	809	617	150
757	192	757	202	797	202	797	192	50
877	666	877	676	917	676	917	666	250
618	448	618	458	658	458	658	448	200
680	192	680	202	720	202	720	192	100
411	281	411	291	451	291	451	281	100
562	653	562	663	602	663	602	653	50
301	364	301	374	341	374	341	364	200
946	803	946	813	986	813	986	803	250
528	903	528	913	568	913	568	903	50
667	971	667	981	707	981	707	971	30
400	338	400	348	440	348	440	338	50
180	458	180	468	220	468	220	458	250
760	630	760	640	800	640	800	630	30
241	287	241	297	281	297	281	287	30
891	930	891	940	931	940	931	930	150
659	672	659	682	699	682	699	672	200
139	191	139	201	179	201	179	191	250
102	902	102	912	142	912	142	902	30
539	562	539	572	579	572	579	562	30
251	643	251	653	291	653	291	643	250
242	923	242	933	282	933	282	923	250
12	929	12	939	52	939	52	929	30
891	818	891	828	931	828	931	818	100
70	272	70	282	110	282	110	272	30
101	222	101	232	141	232	141	222	50
142	177	142	187	182	187	182	177	50
215	774	215	784	255	784	255	774	150
31	981	31	991	71	991	71	981	200
150	137	150	147	190	147	190	137	150
778	26	778	36	818	36	818	26	100
877	753	877	763	917	763	917	753	100
96	985	96	995	136	995	136	985	200
769	214	769	224	809	224	809	214	30
2	760	2	770	42	770	42	760	50
184	508	184	518	224	518	224	508	250
849	400	849	410	889	410	889	400	250
906	478	906	488	946	488	946	478	30
726	776	726	786	766	786	766	776	200
28	723	28	733	68	733	68	723	150
112	313	112	323	152	323	152	313	200
549	542	549	552	589	552	589	542	30
628	222	628	232	668	232	668	222	50
448	648	448	658	488	658	488	648	200
30	48	30	58	70	58	70	48	30
799	111	799	121	839	121	839	111	200
766	523	766	533	806	533	806	523	200
55	949	55	959	95	959	95	949	250
830	683	830	693	870	693	870	683	200
338	295	338	305	378	305	378	295	200
948	426	948	436	988	436	988	426	30
751	388	751	398	791	398	791	388	250
595	243	595	253	635	253	635	243	50
615	17	615	27	655	27	655	17	150
164	113	164	123	204	123	204	113	30
930	354	930	364	970	364	970	354	100
360	883	360	893	400	893	400	883	150
69	672	69	682	109	682	109	672	200
304	461	304	471	344	471	344	461	200
922	714	922	724	962	724	962	714	200
313	773	313	783	353	783	353	773	50
916	578	916	588	956	588	956	578	30
840	205	840	215	880	215	880	205	150
931	9	931	19	971	19	971	9	50
395	101	395	111	435	111	435	101	200
733	127	733	137	773	137	773	127	200
925	848	925	858	965	858	965	848	150
856	648	856	658	896	658	896	648	200
847	67	847	77	887	77	887	67	200
318	622	318	632	358	632	358	622	100
521	933	521	943	561	943	561	933	50
900	623	900	633	940	633	940	623	50
798	259	798	269	838	269	838	259	250
352	655	352	665	392	665	392	655	150
180	603	180	613	220	613	220	603	150
426	988	426	998	466	998	466	988	200
447	879	447	889	487	889	487	879	150
620	283	620	293	660	293	660	283	100
46	205	46	215	86	215	86	205	100
651	47	651	57	691	57	691	47	100
25	167	25	177	65	177	65	167	150
371	181	371	191	411	191	411	181	100
148	1	148	11	188	11	188	1	30
82	345	82	355	122	355	122	345	150
524	156	524	166	564	166	564	156	200
7	458	7	468	47	468	47	458	30
647	635	647	645	687	645	687	635	30
125	79	125	89	165	89	165	79	30
716	237	716	247	756	247	756	237	150
379	11	379	21	419	21	419	11	150
15	35	15	45	55	45	55	35	200
781	426	781	436	821	436	821	426	200
894	397	894	407	934	407	934	397	30
813	610	813	620	853	620	853	610	150
731	900	731	910	771	910	771	900	50
904	427	904	437	944	437	944	427	200
104	48	104	58	144	58	144	48	200
158	148	158	158	198	158	198	148	150
233	819	233	829	273	829	273	819	250
774	535	774	545	814	545	814	535	250
33	896	33	906	73	906	73	896	250
525	510	525	520	565	520	565	510	150
707	380	707	390	747	390	747	380	30
142	245	142	255	182	255	182	245	30
787	358	787	368	827	368	827	358	30
543	801	543	811	583	811	583	801	100
848	528	848	538	888	538	888	528	150
679	13	679	23	719	23	719	13	30
646	388	646	398	686	398	686	388	50
98	691	98	701	138	701	138	691	150
371	576	371	586	411	586	411	576	50
571	312	571	322	611	322	611	312	30
510	460	510	470	550	470	550	460	250
857	233	857	243	897	243	897	233	150
719	742	719	752	759	752	759	742	30
146	872	146	882	186	882	186	872	50
395	361	395	371	435	371	435	361	30
387	602	387	612	427	612	427	602	30
143	712	143	722	183	722	183	712	50
947	216	947	226	987	226	987	216	150
16	141	16	151	56	151	56	141	150
412	219	412	229	452	229	452	219	100
126	207	126	217	166	217	166	207	200
43	907	43	917	83	917	83	907	30
110	928	110	938	150	938	150	928	250
203	785	203	795	243	795	243	785	250
885	560	885	570	925	570	925	560	250
300	378	300	388	340	388	340	378	250
876	283	876	293	916	293	916	283	50
282	246	282	256	322	256	322	246	150
174	619	174	629	214	629	214	619	250
269	631	269	641	309	641	309	631	200
187	275	187	285	227	285	227	275	200
637	826	637	836	677	836	677	826	30
426	391	426	401	466	401	466	391	30
792	547	792	557	832	557	832	547	250
309	561	309	571	349	571	349	561	100
669	368	669	378	709	378	709	368	200
837	421	837	431	877	431	877	421	30
211	677	211	687	251	687	251	677	30
778	680	778	690	818	690	818	680	30
299	786	299	796	339	796	339	786	250
959	125	959	135	999	135	999	125	30
624	837	624	847	664	847	664	837	100
117	264	117	274	157	274	157	264	30
626	927	626	937	666	937	666	927	100
656	887	656	897	696	897	696	887	200
110	648	110	658	150	658	150	648	50
353	110	353	120	393	120	393	110	100
684	253	684	263	724	263	724	253	250
696	418	696	428	736	428	736	418	250
525	14	525	24	565	24	565	14	50
361	814	361	824	401	824	401	814	200
771	953	771	963	811	963	811	953	50
666	661	666	671	706	671	706	661	200
200	97	200	107	240	107	240	97	150
755	601	755	611	795	611	795	601	150
323	236	323	246	363	246	363	236	100
780	240	780	250	820	250	820	240	100
873	85	873	95	913	95	913	85	50
205	237	205	247	245	247	245	237	250
76	823	76	833	116	833	116	823	30
57	284	57	294	97	294	97	284	150
709	277	709	287	749	287	749	277	50
169	443	169	453	209	453	209	443	200
646	523	646	533	686	533	686	523	250
606	361	606	371	646	371	646	361	100
701	442	701	452	741	452	741	442	150
532	186	532	196	572	196	572	186	30
48	127	48	137	88	137	88	127	200
148	800	148	810	188	810	188	800	30
297	418	297	428	337	428	337	418	100
18	968	18	978	58	978	58	968	250
589	724	589	734	629	734	629	724	100
159	922	159	932	199	932	199	922	200
235	259	235	269	275	269	275	259	30
449	449	449	459	489	459	489	449	100
678	923	678	933	718	933	718	923	30
395	112	395	122	435	122	435	112	50
708	169	708	179	748	179	748	169	150
263	899	263	909	303	909	303	899	250
728	727	728	737	768	737	768	727	250
248	444	248	454	288	454	288	444	100
811	880	811	890	851	890	851	880	200
140	592	140	602	180	602	180	592	200
680	106	680	116	720	116	720	106	100
272	685	272	695	312	695	312	685	200
258	372	258	382	298	382	298	372	50
222	321	222	331	262	331	262	321	100
557	746	557	756	597	756	597	746	200
663	279	663	289	703	289	703	279	50
417	54	417	64	457	64	457	54	30
186	64	186	74	226	74	226	64	50
273	516	273	526	313	526	313	516	250
152	663	152	673	192	673	192	663	200
709	600	709	610	749	610	749	600	200
450	196	450	206	490	206	490	196	50
866	122	866	132	906	132	906	122	200
775	869	775	879	815	879	815	869	200
83	876	83	886	123	886	123	876	200
160	535	160	545	200	545	200	535	250
741	254	741	264	781	264	781	254	250
644	333	644	343	684	343	684	333	250
933	961	933	971	973	971	973	961	150
531	946	531	956	571	956	571	946	150
37	480	37	490	77	490	77	480	200
549	819	549	829	589	829	589	819	250
929	726	929	736	969	736	969	726	30
21	97	21	107	61	107	61	97	250
322	191	322	201	362	201	362	191	30
794	74	794	84	834	84	834	74	100
928	277	928	287	968	287	968	277	150
646	710	646	720	686	720	686	710	250
262	112	262	122	302	122	302	112	250
819	169	819	179	859	179	859	169	150
810	316	810	326	850	326	850	316	200
317	641	317	651	357	651	357	641	100
899	986	899	996	939	996	939	986	100
306	109	306	119	346	119	346	109	100
344	543	344	553	384	553	384	543	50
846	810	846	820	886	820	886	810	100
291	322	291	332	331	332	331	322	100
801	738	801	748	841	748	841	738	200
18	512	18	522	58	522	58	512	150
777	984	777	994	817	994	817	984	150
309	31	309	41	349	41	349	31	150
540	678	540	688	580	688	580	678	250
776	459	776	469	816	469	816	459	100
417	185	417	195	457	195	457	185	200
217	892	217	902	257	902	257	892	250
391	797	391	807	431	807	431	797	250
121	737	121	747	161	747	161	737	30
851	984	851	994	891	994	891	984	200
92	591	92	601	132	601	132	591	150
847	825	847	835	887	835	887	825	200
776	642	776	652	816	652	816	642	150
114	123	114	133	154	133	154	123	100
306	11	306	21	346	21	346	11	100
443	770	443	780	483	780	483	770	30
115	850	115	860	155	860	155	850	30
89	546	89	556	129	556	129	546	30
378	838	378	848	418	848	418	838	30
710	943	710	953	750	953	750	943	100
848	483	848	493	888	493	888	483	30
204	136	204	146	244	146	244	136	150
843	98	843	108	883	108	883	98	100
395	233	395	243	435	243	435	233	30
943	179	943	189	983	189	983	179	50
947	900	947	910	987	910	987	900	100
888	171	888	181	928	181	928	171	100
166	482	166	492	206	492	206	482	150
159	262	159	272	199	272	199	262	250
97	191	97	201	137	201	137	191	200
73	755	73	765	113	765	113	755	30
294	604	294	614	334	614	334	604	200
430	303	430	313	470	313	470	303	200
201	51	201	61	241	61	241	51	150
648	319	648	329	688	329	688	319	250
879	155	879	165	919	165	919	155	100
337	206	337	216	377	216	377	206	250
644	605	644	615	684	615	684	605	250
905	302	905	312	945	312	945	302	30
595	55	595	65	635	65	635	55	200
43	548	43	558	83	558	83	548	50
199	762	199	772	239	772	239	762	200
579	201	579	211	619	211	619	201	250
437	715	437	725	477	725	477	715	50
765	281	765	291	805	291	805	281	200
18	381	18	391	58	391	58	381	50
146	397	146	407	186	407	186	397	100
767	825	767	835	807	835	807	825	200
734	369	734	379	774	379	774	369	50
19	862	19	872	59	872	59	862	100
