1000	1000
0	507	0	493	1000	493	1000	507
493	1000	493	0	507	0	507	1000
550	222	550	232	590	232	590	222	100
63	814	63	824	103	824	103	814	50
78	477	78	487	118	487	118	477	100
415	880	415	890	455	890	455	880	50
13	673	13	683	53	683	53	673	150
159	852	159	862	199	862	199	852	150
308	764	308	774	348	774	348	764	100
659	970	659	980	699	980	699	970	150
93	620	93	630	133	630	133	620	250
233	53	233	63	273	63	273	53	250
678	581	678	591	718	591	718	581	50
198	724	198	734	238	734	238	724	30
273	139	273	149	313	149	313	139	250
714	233	714	243	754	243	754	233	150
563	838	563	848	603	848	603	838	250
924	308	924	318	964	318	964	308	150
909	600	909	610	949	610	949	600	150
192	746	192	756	232	756	232	746	200
552	562	552	572	592	572	592	562	150
791	711	791	721	831	721	831	711	150
530	165	530	175	570	175	570	165	50
671	922	671	932	711	932	711	922	50
28	134	28	144	68	144	68	134	150
373	28	373	38	413	38	413	28	250
357	211	357	221	397	221	397	211	100
54	859	54	869	94	869	94	859	250
542	672	542	682	582	682	582	672	150
318	444	318	454	358	454	358	444	30
619	864	619	874	659	874	659	864	150
315	837	315	847	355	847	355	837	100
151	92	151	102	191	102	191	92	200
644	753	644	763	684	763	684	753	100
912	41	912	51	952	51	952	41	150
690	182	690	192	730	192	730	182	150
948	921	948	931	988	931	988	921	250
639	222	639	232	679	232	679	222	30
583	633	583	643	623	643	623	633	30
829	77	829	87	869	87	869	77	150
87	323	87	333	127	333	127	323	150
599	620	599	630	639	630	639	620	100
422	275	422	285	462	285	462	275	150
585	551	585	561	625	561	625	551	30
453	507	453	517	493	517	493	507	30
120	982	120	992	160	992	160	982	50
149	640	149	650	189	650	189	640	200
726	695	726	705	766	705	766	695	200
821	281	821	291	861	291	861	281	100
98	871	98	881	138	881	138	871	30
842	689	842	699	882	699	882	689	250
68	231	68	241	108	241	108	231	200
214	348	214	358	254	358	254	348	200
276	916	276	926	316	926	316	916	150
376	8	376	18	416	18	416	8	200
886	728	886	738	926	738	926	728	200
107	25	107	35	147	35	147	25	200
8	346	8	356	48	356	48	346	150
571	701	571	711	611	711	611	701	250
36	49	36	59	76	59	76	49	100
568	529	568	539	608	539	608	529	100
629	68	629	78	669	78	669	68	200
917	765	917	775	957	775	957	765	250
86	447	86	457	126	457	126	447	100
89	632	89	642	129	642	129	632	30
782	684	782	694	822	694	822	684	30
152	366	152	376	192	376	192	366	100
106	967	106	977	146	977	146	967	50
737	293	737	303	777	303	777	293	100
544	284	544	294	584	294	584	284	150
335	408	335	418	375	418	375	408	150
883	204	883	214	923	214	923	204	150
746	930	746	940	786	940	786	930	250
917	118	917	128	957	128	957	118	100
731	942	731	952	771	952	771	942	100
7	65	7	75	47	75	47	65	200
712	151	712	161	752	161	752	151	50
255	886	255	896	295	896	295	886	50
264	823	264	833	304	833	304	823	250
886	352	886	362	926	362	926	352	50
591	293	591	303	631	303	631	293	250
628	792	628	802	668	802	668	792	100
823	676	823	686	863	686	863	676	50
123	475	123	485	163	485	163	475	50
277	434	277	444	317	444	317	434	150
16	791	16	801	56	801	56	791	30
956	594	956	604	996	604	996	594	50
894	382	894	392	934	392	934	382	250
24	301	24	311	64	311	64	301	100
753	514	753	524	793	524	793	514	150
8	699	8	709	48	709	48	699	50
451	652	451	662	491	662	491	652	150
870	279	870	289	910	289	910	279	200
148	145	148	155	188	155	188	145	250
404	177	404	187	444	187	444	177	50
306	602	306	612	346	612	346	602	150
664	806	664	816	704	816	704	806	30
725	611	725	621	765	621	765	611	150
721	372	721	382	761	382	761	372	150
819	730	819	740	859	740	859	730	30
761	5	761	15	801	15	801	5	250
94	177	94	187	134	187	134	177	50
6	939	6	949	46	949	46	939	50
367	294	367	304	407	304	407	294	50
838	590	838	600	878	600	878	590	100
213	121	213	131	253	131	253	121	50
283	388	283	398	323	398	323	388	250
635	5	635	15	675	15	675	5	250
177	442	177	452	217	452	217	442	30
771	845	771	855	811	855	811	845	200
794	965	794	975	834	975	834	965	250
563	37	563	47	603	47	603	37	200
804	168	804	178	844	178	844	168	200
698	625	698	635	738	635	738	625	250
31	950	31	960	71	960	71	950	150
296	659	296	669	336	669	336	659	50
720	209	720	219	760	219	760	209	200
835	890	835	900	875	900	875	890	250
734	137	734	147	774	147	774	137	100
832	980	832	990	872	990	872	980	200
711	745	711	755	751	755	751	745	100
280	621	280	631	320	631	320	621	100
235	195	235	205	275	205	275	195	50
85	531	85	541	125	541	125	531	150
652	904	652	914	692	914	692	904	200
138	728	138	738	178	738	178	728	200
862	395	862	405	902	405	902	395	30
612	830	612	840	652	840	652	830	100
444	591	444	601	484	601	484	591	50
945	407	945	417	985	417	985	407	150
726	674	726	684	766	684	766	674	100
433	114	433	124	473	124	473	114	250
23	155	23	165	63	165	63	155	250
781	787	781	797	821	797	821	787	50
285	902	285	912	325	912	325	902	100
228	675	228	685	268	685	268	675	250
231	267	231	277	271	277	271	267	30
674	125	674	135	714	135	714	125	30
548	885	548	895	588	895	588	885	50
389	374	389	384	429	384	429	374	100
9	863	9	873	49	873	49	863	30
699	65	699	75	739	75	739	65	100
642	55	642	65	682	65	682	55	50
123	785	123	795	163	795	163	785	250
709	466	709	476	749	476	749	466	250
432	610	432	620	472	620	472	610	150
432	724	432	734	472	734	472	724	100
361	682	361	692	401	692	401	682	200
50	206	50	216	90	216	90	206	100
663	419	663	429	703	429	703	419	30
345	249	345	259	385	259	385	249	250
572	508	572	518	612	518	612	508	50
69	351	69	361	109	361	109	351	150
605	201	605	211	645	211	645	201	100
105	673	105	683	145	683	145	673	200
928	438	928	448	968	448	968	438	100
198	65	198	75	238	75	238	65	30
23	775	23	785	63	785	63	775	200
438	6	438	16	478	16	478	6	50
768	807	768	817	808	817	808	807	50
204	946	204	956	244	956	244	946	150
550	646	550	656	590	656	590	646	200
536	152	536	162	576	162	576	152	100
754	639	754	649	794	649	794	639	30
680	861	680	871	720	871	720	861	150
22	710	22	720	62	720	62	710	30
807	602	807	612	847	612	847	602	30
79	715	79	725	119	725	119	715	100
775	531	775	541	815	541	815	531	150
833	228	833	238	873	238	873	228	150
593	647	593	657	633	657	633	647	200
526	523	526	533	566	533	566	523	30
609	482	609	492	649	492	649	482	250
335	149	335	159	375	159	375	149	100
319	919	319	929	359	929	359	919	200
958	837	958	847	998	847	998	837	250
178	428	178	438	218	438	218	428	150
660	544	660	554	700	554	700	544	50
535	483	535	493	575	493	575	483	200
190	324	190	334	230	334	230	324	50
317	129	317	139	357	139	357	129	100
860	431	860	441	900	441	900	431	150
917	937	917	947	957	947	957	937	250
280	798	280	808	320	808	320	798	50
866	162	866	172	906	172	906	162	50
597	875	597	885	637	885	637	875	200
384	713	384	723	424	723	424	713	100
733	880	733	890	773	890	773	880	30
805	135	805	145	845	145	845	135	30
284	950	284	960	324	960	324	950	100
791	888	791	898	831	898	831	888	30
118	575	118	585	158	585	158	575	200
208	931	208	941	248	941	248	931	250
338	222	338	232	378	232	378	222	250
410	61	410	71	450	71	450	61	100
713	733	713	743	753	743	753	733	30
621	400	621	410	661	410	661	400	30
819	359	819	369	859	369	859	359	250
297	554	297	564	337	564	337	554	200
301	21	301	31	341	31	341	21	150
743	56	743	66	783	66	783	56	100
903	545	903	555	943	555	943	545	200
827	938	827	948	867	948	867	938	200
159	525	159	535	199	535	199	525	250
898	645	898	655	938	655	938	645	200
887	663	887	673	927	673	927	663	150
592	87	592	97	632	97	632	87	250
653	25	653	35	693	35	693	25	50
290	513	290	523	330	523	330	513	150
518	605	518	615	558	615	558	605	250
173	621	173	631	213	631	213	621	250
92	939	92	949	132	949	132	939	250
848	532	848	542	888	542	888	532	30
288	730	288	740	328	740	328	730	30
544	8	544	18	584	18	584	8	250
539	734	539	744	579	744	579	734	250
131	450	131	460	171	460	171	450	50
312	9	312	19	352	19	352	9	200
767	263	767	273	807	273	807	263	200
290	673	290	683	330	683	330	673	30
726	104	726	114	766	114	766	104	100
24	458	24	468	64	468	64	458	30
142	77	142	87	182	87	182	77	100
422	320	422	330	462	330	462	320	250
514	751	514	761	554	761	554	751	100
730	654	730	664	770	664	770	654	150
330	459	330	469	370	469	370	459	50
130	196	130	206	170	206	170	196	30
753	189	753	199	793	199	793	189	100
325	38	325	48	365	48	365	38	100
448	49	448	59	488	59	488	49	50
231	603	231	613	271	613	271	603	30
940	463	940	473	980	473	980	463	50
225	38	225	48	265	48	265	38	150
691	837	691	847	731	847	731	837	150
844	54	844	64	884	64	884	54	30
528	365	528	375	568	375	568	365	250
204	713	204	723	244	723	244	713	250
79	459	79	469	119	469	119	459	250
800	192	800	202	840	202	840	192	30
292	638	292	648	332	648	332	638	250
203	255	203	265	243	265	243	255	150
353	738	353	748	393	748	393	738	100
445	407	445	417	485	417	485	407	100
577	899	577	909	617	909	617	899	200
