1200	1200
0	814	0	800	1200	800	1200	814
0	400	0	386	1200	386	1200	400
386	1200	386	0	400	0	400	1200
800	1200	800	0	814	0	814	1200
467	273	467	283	507	283	507	273	150
275	415	275	425	315	425	315	415	150
1084	1032	1084	1042	1124	1042	1124	1032	50
658	978	658	988	698	988	698	978	30
548	1185	548	1195	588	1195	588	1185	50
4	596	4	606	44	606	44	596	100
11	408	11	418	51	418	51	408	250
421	760	421	770	461	770	461	760	150
653	31	653	41	693	41	693	31	50
1117	851	1117	861	1157	861	1157	851	250
156	966	156	976	196	976	196	966	30
124	138	124	148	164	148	164	138	50
419	1063	419	1073	459	1073	459	1063	250
1089	1157	1089	1167	1129	1167	1129	1157	50
679	739	679	749	719	749	719	739	200
746	871	746	881	786	881	786	871	150
1009	1156	1009	1166	1049	1166	1049	1156	150
1028	749	1028	759	1068	759	1068	749	30
166	641	166	651	206	651	206	641	100
1022	188	1022	198	1062	198	1062	188	200
934	107	934	117	974	117	974	107	250
560	660	560	670	600	670	600	660	50
585	755	585	765	625	765	625	755	30
45	731	45	741	85	741	85	731	50
600	136	600	146	640	146	640	136	250
1019	679	1019	689	1059	689	1059	679	30
661	150	661	160	701	160	701	150	100
80	52	80	62	120	62	120	52	50
716	17	716	27	756	27	756	17	100
1057	852	1057	862	1097	862	1097	852	200
564	962	564	972	604	972	604	962	250
668	786	668	796	708	796	708	786	150
712	859	712	869	752	869	752	859	50
958	697	958	707	998	707	998	697	50
742	337	742	347	782	347	782	337	50
434	318	434	328	474	328	474	318	150
40	106	40	116	80	116	80	106	250
25	511	25	521	65	521	65	511	100
454	51	454	61	494	61	494	51	150
1073	74	1073	84	1113	84	1113	74	50
458	786	458	796	498	796	498	786	150
955	553	955	563	995	563	995	553	150
170	1177	170	1187	210	1187	210	1177	200
63	947	63	957	103	957	103	947	100
568	699	568	709	608	709	608	699	50
173	862	173	872	213	872	213	862	50
980	1184	980	1194	1020	1194	1020	1184	150
598	841	598	851	638	851	638	841	250
905	912	905	922	945	922	945	912	150
77	649	77	659	117	659	117	649	250
222	38	222	48	262	48	262	38	30
28	572	28	582	68	582	68	572	200
666	849	666	859	706	859	706	849	200
918	987	918	997	958	997	958	987	30
113	540	113	550	153	550	153	540	100
515	408	515	418	555	418	555	408	100
435	818	435	828	475	828	475	818	250
54	827	54	837	94	837	94	827	50
463	307	463	317	503	317	503	307	150
1155	71	1155	81	1195	81	1195	71	250
121	732	121	742	161	742	161	732	50
601	1170	601	1180	641	1180	641	1170	250
38	623	38	633	78	633	78	623	100
842	423	842	433	882	433	882	423	30
227	119	227	129	267	129	267	119	50
469	114	469	124	509	124	509	114	50
1129	1061	1129	1071	1169	1071	1169	1061	150
408	1184	408	1194	448	1194	448	1184	200
93	66	93	76	133	76	133	66	250
45	1150	45	1160	85	1160	85	1150	150
213	590	213	600	253	600	253	590	30
841	589	841	599	881	599	881	589	30
527	846	527	856	567	856	567	846	50
1061	648	1061	658	1101	658	1101	648	200
999	1021	999	1031	1039	1031	1039	1021	200
985	39	985	49	1025	49	1025	39	30
1055	171	1055	181	1095	181	1095	171	100
189	1052	189	1062	229	1062	229	1052	250
864	1138	864	1148	904	1148	904	1138	30
739	685	739	695	779	695	779	685	250
1118	480	1118	490	1158	490	1158	480	150
339	273	339	283	379	283	379	273	200
847	243	847	253	887	253	887	243	100
609	690	609	700	649	700	649	690	250
1002	201	1002	211	1042	211	1042	201	100
269	520	269	530	309	530	309	520	200
273	736	273	746	313	746	313	736	200
893	351	893	361	933	361	933	351	100
298	101	298	111	338	111	338	101	50
719	410	719	420	759	420	759	410	200
59	544	59	554	99	554	99	544	100
857	202	857	212	897	212	897	202	50
529	159	529	169	569	169	569	159	100
1144	452	1144	462	1184	462	1184	452	250
981	62	981	72	1021	72	1021	62	200
1115	275	1115	285	1155	285	1155	275	150
692	1159	692	1169	732	1169	732	1159	250
820	902	820	912	860	912	860	902	200
593	475	593	485	633	485	633	475	100
1105	167	1105	177	1145	177	1145	167	30
976	590	976	600	1016	600	1016	590	150
927	1087	927	1097	967	1097	967	1087	50
1101	351	1101	361	1141	361	1141	351	150
305	873	305	883	345	883	345	873	50
565	622	565	632	605	632	605	622	30
324	458	324	468	364	468	364	458	100
225	308	225	318	265	318	265	308	150
1058	91	1058	101	1098	101	1098	91	100
619	1150	619	1160	659	1160	659	1150	50
976	917	976	927	1016	927	1016	917	250
59	445	59	455	99	455	99	445	50
483	548	483	558	523	558	523	548	250
1047	919	1047	929	1087	929	1087	919	150
151	1082	151	1092	191	1092	191	1082	200
1112	26	1112	36	1152	36	1152	26	150
465	258	465	268	505	268	505	258	50
285	675	285	685	325	685	325	675	200
403	573	403	583	443	583	443	573	150
113	222	113	232	153	232	153	222	50
6	249	6	259	46	259	46	249	50
937	1037	937	1047	977	1047	977	1037	30
1129	246	1129	256	1169	256	1169	246	30
285	2	285	12	325	12	325	2	30
815	77	815	87	855	87	855	77	30
1065	131	1065	141	1105	141	1105	131	100
861	973	861	983	901	983	901	973	150
430	959	430	969	470	969	470	959	100
1157	177	1157	187	1197	187	1197	177	250
855	492	855	502	895	502	895	492	100
293	284	293	294	333	294	333	284	30
1062	457	1062	467	1102	467	1102	457	250
971	743	971	753	1011	753	1011	743	150
30	298	30	308	70	308	70	298	250
1131	732	1131	742	1171	742	1171	732	200
482	672	482	682	522	682	522	672	30
340	535	340	545	380	545	380	535	200
179	279	179	289	219	289	219	279	100
540	252	540	262	580	262	580	252	30
326	644	326	654	366	654	366	644	30
672	922	672	932	712	932	712	922	250
725	362	725	372	765	372	765	362	30
897	999	897	1009	937	1009	937	999	200
444	571	444	581	484	581	484	571	250
741	1007	741	1017	781	1017	781	1007	250
1122	369	1122	379	1162	379	1162	369	100
616	464	616	474	656	474	656	464	150
267	1091	267	1101	307	1101	307	1091	50
169	75	169	85	209	85	209	75	50
754	481	754	491	794	491	794	481	50
191	227	191	237	231	237	231	227	100
529	324	529	334	569	334	569	324	30
929	883	929	893	969	893	969	883	30
510	375	510	385	550	385	550	375	100
689	773	689	783	729	783	729	773	150
621	999	621	1009	661	1009	661	999	250
426	446	426	456	466	456	466	446	200
1016	310	1016	320	1056	320	1056	310	250
531	47	531	57	571	57	571	47	100
838	558	838	568	878	568	878	558	200
101	32	101	42	141	42	141	32	150
561	1035	561	1045	601	1045	601	1035	50
525	726	525	736	565	736	565	726	100
281	599	281	609	321	609	321	599	150
244	211	244	221	284	221	284	211	30
101	1007	101	1017	141	1017	141	1007	100
719	664	719	674	759	674	759	664	100
53	990	53	1000	93	1000	93	990	30
577	999	577	1009	617	1009	617	999	250
876	1085	876	1095	916	1095	916	1085	100
745	917	745	927	785	927	785	917	250
154	55	154	65	194	65	194	55	200
1021	334	1021	344	1061	344	1061	334	150
952	1011	952	1021	992	1021	992	1011	30
544	575	544	585	584	585	584	575	250
840	853	840	863	880	863	880	853	150
495	986	495	996	535	996	535	986	150
112	814	112	824	152	824	152	814	50
326	1066	326	1076	366	1076	366	1066	150
660	1045	660	1055	700	1055	700	1045	50
951	246	951	256	991	256	991	246	30
70	146	70	156	110	156	110	146	150
838	375	838	385	878	385	878	375	30
912	613	912	623	952	623	952	613	100
245	650	245	660	285	660	285	650	30
706	722	706	732	746	732	746	722	50
1153	160	1153	170	1193	170	1193	160	30
988	146	988	156	1028	156	1028	146	200
264	457	264	467	304	467	304	457	30
1158	93	1158	103	1198	103	1198	93	250
119	199	119	209	159	209	159	199	200
595	42	595	52	635	52	635	42	100
588	302	588	312	628	312	628	302	30
41	260	41	270	81	270	81	260	30
551	108	551	118	591	118	591	108	50
235	688	235	698	275	698	275	688	150
1129	879	1129	889	1169	889	1169	879	100
405	1134	405	1144	445	1144	445	1134	250
914	1123	914	1133	954	1133	954	1123	150
750	294	750	304	790	304	790	294	250
116	505	116	515	156	515	156	505	250
1136	929	1136	939	1176	939	1176	929	100
1108	557	1108	567	1148	567	1148	557	50
173	1037	173	1047	213	1047	213	1037	250
221	154	221	164	261	164	261	154	50
1057	1050	1057	1060	1097	1060	1097	1050	150
1082	904	1082	914	1122	914	1122	904	50
179	370	179	380	219	380	219	370	30
1019	715	1019	725	1059	725	1059	715	200
100	1057	100	1067	140	1067	140	1057	100
193	734	193	744	233	744	233	734	200
817	1152	817	1162	857	1162	857	1152	100
332	516	332	526	372	526	372	516	100
1035	409	1035	419	1075	419	1075	409	200
1057	291	1057	301	1097	301	1097	291	200
1041	990	1041	1000	1081	1000	1081	990	150
34	790	34	800	74	800	74	790	250
657	701	657	711	697	711	697	701	200
972	620	972	630	1012	630	1012	620	50
743	348	743	358	783	358	783	348	150
19	371	19	381	59	381	59	371	30
235	818	235	828	275	828	275	818	50
1106	1129	1106	1139	1146	1139	1146	1129	30
994	109	994	119	1034	119	1034	109	100
836	822	836	832	876	832	876	822	150
545	831	545	841	585	841	585	831	150
620	1091	620	1101	660	1101	660	1091	200
850	725	850	735	890	735	890	725	30
912	602	912	612	952	612	952	602	50
571	71	571	81	611	81	611	71	50
629	648	629	658	669	658	669	648	200
178	413	178	423	218	423	218	413	100
530	596	530	606	570	606	570	596	150
274	575	274	585	314	585	314	575	250
326	145	326	155	366	155	366	145	30
504	231	504	241	544	241	544	231	200
1067	1104	1067	1114	1107	1114	1107	1104	50
1032	777	1032	787	1072	787	1072	777	30
22	500	22	510	62	510	62	500	150
225	626	225	636	265	636	265	626	100
1095	1141	1095	1151	1135	1151	1135	1141	200
241	364	241	374	281	374	281	364	200
75	1024	75	1034	115	1034	115	1024	200
944	447	944	457	984	457	984	447	50
670	429	670	439	710	439	710	429	150
830	954	830	964	870	964	870	954	30
1041	760	1041	770	1081	770	1081	760	100
855	639	855	649	895	649	895	639	150
4	471	4	481	44	481	44	471	250
633	18	633	28	673	28	673	18	100
162	1004	162	1014	202	1014	202	1004	50
857	17	857	27	897	27	897	17	250
421	655	421	665	461	665	461	655	100
501	698	501	708	541	708	541	698	150
903	781	903	791	943	791	943	781	30
244	554	244	564	284	564	284	554	50
674	295	674	305	714	305	714	295	150
741	900	741	910	781	910	781	900	50
201	671	201	681	241	681	241	671	100
992	93	992	103	1032	103	1032	93	200
244	1002	244	1012	284	1012	284	1002	200
441	65	441	75	481	75	481	65	250
859	78	859	88	899	88	899	78	200
1041	104	1041	114	1081	114	1081	104	50
540	1021	540	1031	580	1031	580	1021	250
76	473	76	483	116	483	116	473	100
1019	519	1019	529	1059	529	1059	519	100
718	1075	718	1085	758	1085	758	1075	50
588	330	588	340	628	340	628	330	250
407	403	407	413	447	413	447	403	50
66	460	66	470	106	470	106	460	250
1117	959	1117	969	1157	969	1157	959	50
42	1007	42	1017	82	1017	82	1007	100
234	0	234	10	274	10	274	0	150
100	965	100	975	140	975	140	965	150
909	231	909	241	949	241	949	231	50
962	832	962	842	1002	842	1002	832	250
58	595	58	605	98	605	98	595	250
34	931	34	941	74	941	74	931	30
491	749	491	759	531	759	531	749	200
80	1115	80	1125	120	1125	120	1115	150
588	504	588	514	628	514	628	504	250
114	842	114	852	154	852	154	842	100
589	821	589	831	629	831	629	821	250
169	899	169	909	209	909	209	899	200
724	56	724	66	764	66	764	56	50
220	1018	220	1028	260	1028	260	1018	150
877	442	877	452	917	452	917	442	150
692	457	692	467	732	467	732	457	150
73	747	73	757	113	757	113	747	200
823	409	823	419	863	419	863	409	50
445	616	445	626	485	626	485	616	50
815	573	815	583	855	583	855	573	100
45	210	45	220	85	220	85	210	100
835	1006	835	1016	875	1016	875	1006	200
741	988	741	998	781	998	781	988	200
579	1053	579	1063	619	1063	619	1053	30
20	157	20	167	60	167	60	157	200
927	463	927	473	967	473	967	463	200
82	563	82	573	122	573	122	563	200
933	1024	933	1034	973	1034	973	1024	100
446	775	446	785	486	785	486	775	250
915	897	915	907	955	907	955	897	30
343	184	343	194	383	194	383	184	150
1105	696	1105	706	1145	706	1145	696	150
333	62	333	72	373	72	373	62	50
878	50	878	60	918	60	918	50	200
420	237	420	247	460	247	460	237	30
1150	940	1150	950	1190	950	1190	940	250
825	470	825	480	865	480	865	470	150
442	1074	442	1084	482	1084	482	1074	200
1080	606	1080	616	1120	616	1120	606	200
165	307	165	317	205	317	205	307	150
1078	728	1078	738	1118	738	1118	728	100
734	842	734	852	774	852	774	842	200
301	1028	301	1038	341	1038	341	1028	150
89	245	89	255	129	255	129	245	30
258	842	258	852	298	852	298	842	150
149	88	149	98	189	98	189	88	200
548	975	548	985	588	985	588	975	30
148	680	148	690	188	690	188	680	200
307	322	307	332	347	332	347	322	30
1112	38	1112	48	1152	48	1152	38	250
0	457	0	467	40	467	40	457	150
402	346	402	356	442	356	442	346	150
1104	325	1104	335	1144	335	1144	325	150
628	179	628	189	668	189	668	179	100
999	1118	999	1128	1039	1128	1039	1118	100
834	451	834	461	874	461	874	451	200
316	441	316	451	356	451	356	441	50
1081	193	1081	203	1121	203	1121	193	200
557	1147	557	1157	597	1157	597	1147	200
607	122	607	132	647	132	647	122	250
637	671	637	681	677	681	677	671	250
208	879	208	889	248	889	248	879	100
444	697	444	707	484	707	484	697	50
21	1083	21	1093	61	1093	61	1083	150
605	356	605	366	645	366	645	356	250
13	326	13	336	53	336	53	326	50
917	834	917	844	957	844	957	834	250
669	952	669	962	709	962	709	952	200
308	476	308	486	348	486	348	476	50
468	835	468	845	508	845	508	835	50
137	176	137	186	177	186	177	176	50
633	598	633	608	673	608	673	598	150
826	300	826	310	866	310	866	300	50
640	891	640	901	680	901	680	891	150
878	312	878	322	918	322	918	312	50
303	48	303	58	343	58	343	48	30
913	821	913	831	953	831	953	821	200
523	934	523	944	563	944	563	934	50
566	552	566	562	606	562	606	552	30
32	560	32	570	72	570	72	560	250
578	1097	578	1107	618	1107	618	1097	50
625	914	625	924	665	924	665	914	30
525	76	525	86	565	86	565	76	250
756	1023	756	1033	796	1033	796	1023	250
218	1182	218	1192	258	1192	258	1182	100
830	1184	830	1194	870	1194	870	1184	250
508	290	508	300	548	300	548	290	250
499	918	499	928	539	928	539	918	30
950	660	950	670	990	670	990	660	100
406	639	406	649	446	649	446	639	150
53	35	53	45	93	45	93	35	250
1011	1065	1011	1075	1051	1075	1051	1065	150
918	581	918	591	958	591	958	581	150
180	558	180	568	220	568	220	558	100
430	332	430	342	470	342	470	332	50
441	943	441	953	481	953	481	943	30
276	1145	276	1155	316	1155	316	1145	30
560	1065	560	1075	600	1075	600	1065	250
578	729	578	739	618	739	618	729	150
479	1053	479	1063	519	1063	519	1053	200
467	478	467	488	507	488	507	478	30
882	176	882	186	922	186	922	176	200
59	762	59	772	99	772	99	762	250
179	1133	179	1143	219	1143	219	1133	200
744	92	744	102	784	102	784	92	150
177	158	177	168	217	168	217	158	30
486	332	486	342	526	342	526	332	150
1073	820	1073	830	1113	830	1113	820	100
225	782	225	792	265	792	265	782	200
685	1181	685	1191	725	1191	725	1181	200
56	1044	56	1054	96	1054	96	1044	150
342	196	342	206	382	206	382	196	100
544	1130	544	1140	584	1140	584	1130	150
983	967	983	977	1023	977	1023	967	30
191	454	191	464	231	464	231	454	200
561	912	561	922	601	922	601	912	200
931	118	931	128	971	128	971	118	150
970	473	970	483	1010	483	1010	473	50
506	975	506	985	546	985	546	975	100
817	654	817	664	857	664	857	654	30
596	423	596	433	636	433	636	423	50
927	728	927	738	967	738	967	728	50
974	411	974	421	1014	421	1014	411	30
628	766	628	776	668	776	668	766	100
454	883	454	893	494	893	494	883	250
1158	34	1158	44	1198	44	1198	34	250
1121	638	1121	648	1161	648	1161	638	50
235	324	235	334	275	334	275	324	100
685	106	685	116	725	116	725	106	250
861	886	861	896	901	896	901	886	100
319	937	319	947	359	947	359	937	100
1057	659	1057	669	1097	669	1097	659	100
417	276	417	286	457	286	457	276	100
301	1128	301	1138	341	1138	341	1128	150
897	664	897	674	937	674	937	664	30
452	731	452	741	492	741	492	731	150
555	1113	555	1123	595	1123	595	1113	200
49	128	49	138	89	138	89	128	200
162	770	162	780	202	780	202	770	250
634	822	634	832	674	832	674	822	50
69	857	69	867	109	867	109	857	50
62	283	62	293	102	293	102	283	100
12	890	12	900	52	900	52	890	150
441	374	441	384	481	384	481	374	250
941	495	941	505	981	505	981	495	50
732	1055	732	1065	772	1065	772	1055	100
1038	214	1038	224	1078	224	1078	214	200
11	992	11	1002	51	1002	51	992	200
973	818	973	828	1013	828	1013	818	100
235	712	235	722	275	722	275	712	250
1038	973	1038	983	1078	983	1078	973	30
997	659	997	669	1037	669	1037	659	200
20	855	20	865	60	865	60	855	250
502	201	502	211	542	211	542	201	200
492	764	492	774	532	774	532	764	30
1116	1109	1116	1119	1156	1119	1156	1109	250
453	1135	453	1145	493	1145	493	1135	150
1086	676	1086	686	1126	686	1126	676	150
33	352	33	362	73	362	73	352	150
50	228	50	238	90	238	90	228	150
1060	468	1060	478	1100	478	1100	468	250
713	950	713	960	753	960	753	950	50
70	17	70	27	110	27	110	17	100
558	1083	558	1093	598	1093	598	1083	30
678	761	678	771	718	771	718	761	30
1002	1006	1002	1016	1042	1016	1042	1006	30
1098	836	1098	846	1138	846	1138	836	250
466	416	466	426	506	426	506	416	30
525	1171	525	1181	565	1181	565	1171	50
234	417	234	427	274	427	274	417	100
905	95	905	105	945	105	945	95	250
601	853	601	863	641	863	641	853	100
271	191	271	201	311	201	311	191	100
221	278	221	288	261	288	261	278	200
967	774	967	784	1007	784	1007	774	200
1128	1048	1128	1058	1168	1058	1168	1048	200
752	149	752	159	792	159	792	149	200
1044	1079	1044	1089	1084	1089	1084	1079	100
1061	563	1061	573	1101	573	1101	563	150
37	1064	37	1074	77	1074	77	1064	30
130	661	130	671	170	671	170	661	200
120	528	120	538	160	538	160	528	30
560	363	560	373	600	373	600	363	200
1158	708	1158	718	1198	718	1198	708	100
251	347	251	357	291	357	291	347	100
830	993	830	1003	870	1003	870	993	150
721	1094	721	1104	761	1104	761	1094	250
469	87	469	97	509	97	509	87	50
927	630	927	640	967	640	967	630	100
657	241	657	251	697	251	697	241	200
917	198	917	208	957	208	957	198	100
1084	409	1084	419	1124	419	1124	409	150
697	166	697	176	737	176	737	166	50
924	538	924	548	964	548	964	538	150
756	193	756	203	796	203	796	193	30
751	249	751	259	791	259	791	249	200
993	267	993	277	1033	277	1033	267	100
192	656	192	666	232	666	232	656	250
839	1023	839	1033	879	1033	879	1023	150
118	1136	118	1146	158	1146	158	1136	50
113	461	113	471	153	471	153	461	250
259	974	259	984	299	984	299	974	250
107	674	107	684	147	684	147	674	250
668	129	668	139	708	139	708	129	200
4	904	4	914	44	914	44	904	100
699	633	699	643	739	643	739	633	50
165	112	165	122	205	122	205	112	200
607	269	607	279	647	279	647	269	250
1025	619	1025	629	1065	629	1065	619	200
817	94	817	104	857	104	857	94	250
130	596	130	606	170	606	170	596	100
502	142	502	152	542	152	542	142	250
872	1154	872	1164	912	1164	912	1154	50
112	359	112	369	152	369	152	359	100
642	205	642	215	682	215	682	205	150
1023	433	1023	443	1063	443	1063	433	100
114	743	114	753	154	753	154	743	200
623	727	623	737	663	737	663	727	30
743	642	743	652	783	652	783	642	250
1033	1036	1033	1046	1073	1046	1073	1036	30
28	1124	28	1134	68	1134	68	1124	100
675	569	675	579	715	579	715	569	30
1154	316	1154	326	1194	326	1194	316	50
922	855	922	865	962	865	962	855	30
822	34	822	44	862	44	862	34	200
936	41	936	51	976	51	976	41	50
161	629	161	639	201	639	201	629	200
579	412	579	422	619	422	619	412	150
427	148	427	158	467	158	467	148	50
645	254	645	264	685	264	685	254	100
100	771	100	781	140	781	140	771	150
218	518	218	528	258	528	258	518	100
86	787	86	797	126	797	126	787	250
627	446	627	456	667	456	667	446	100
1015	891	1015	901	1055	901	1055	891	250
856	749	856	759	896	759	896	749	50
16	168	16	178	56	178	56	168	200
435	847	435	857	475	857	475	847	30
1158	904	1158	914	1198	914	1198	904	150
471	163	471	173	511	173	511	163	50
979	330	979	340	1019	340	1019	330	50
620	286	620	296	660	296	660	286	30
841	1097	841	1107	881	1107	881	1097	30
