1200	1200
0	607	0	593	1200	593	1200	607
593	1200	593	0	607	0	607	1200
425	535	425	545	465	545	465	535	30
926	459	926	469	966	469	966	459	250
49	153	49	163	89	163	89	153	30
631	121	631	131	671	131	671	121	50
754	192	754	202	794	202	794	192	250
813	112	813	122	853	122	853	112	50
714	795	714	805	754	805	754	795	100
25	695	25	705	65	705	65	695	50
1053	562	1053	572	1093	572	1093	562	150
56	53	56	63	96	63	96	53	200
1105	1082	1105	1092	1145	1092	1145	1082	30
1038	117	1038	127	1078	127	1078	117	250
619	986	619	996	659	996	659	986	200
96	75	96	85	136	85	136	75	200
743	466	743	476	783	476	783	466	100
706	1067	706	1077	746	1077	746	1067	50
912	1027	912	1037	952	1037	952	1027	30
868	1170	868	1180	908	1180	908	1170	150
460	287	460	297	500	297	500	287	150
39	10	39	20	79	20	79	10	50
1101	1035	1101	1045	1141	1045	1141	1035	250
452	645	452	655	492	655	492	645	100
499	549	499	559	539	559	539	549	150
1106	154	1106	164	1146	164	1146	154	50
804	713	804	723	844	723	844	713	150
105	574	105	584	145	584	145	574	50
684	140	684	150	724	150	724	140	50
112	429	112	439	152	439	152	429	150
215	418	215	428	255	428	255	418	200
42	752	42	762	82	762	82	752	100
892	344	892	354	932	354	932	344	100
176	1088	176	1098	216	1098	216	1088	200
762	552	762	562	802	562	802	552	150
127	1076	127	1086	167	1086	167	1076	150
285	218	285	228	325	228	325	218	30
99	893	99	903	139	903	139	893	250
436	319	436	329	476	329	476	319	100
851	382	851	392	891	392	891	382	30
340	200	340	210	380	210	380	200	100
305	91	305	101	345	101	345	91	100
747	112	747	122	787	122	787	112	100
476	796	476	806	516	806	516	796	150
767	70	767	80	807	80	807	70	100
66	535	66	545	106	545	106	535	150
615	158	615	168	655	168	655	158	50
203	844	203	854	243	854	243	844	150
76	304	76	314	116	314	116	304	200
812	493	812	503	852	503	852	493	50
884	820	884	830	924	830	924	820	30
67	1141	67	1151	107	1151	107	1141	30
379	718	379	728	419	728	419	718	100
1150	536	1150	546	1190	546	1190	536	250
1021	262	1021	272	1061	272	1061	262	100
471	527	471	537	511	537	511	527	100
184	608	184	618	224	618	224	608	100
46	942	46	952	86	952	86	942	100
199	958	199	968	239	968	239	958	150
125	529	125	539	165	539	165	529	150
95	1125	95	1135	135	1135	135	1125	200
35	194	35	204	75	204	75	194	250
1054	916	1054	926	1094	926	1094	916	150
1078	1004	1078	1014	1118	1014	1118	1004	30
921	555	921	565	961	565	961	555	250
220	710	220	720	260	720	260	710	200
419	1035	419	1045	459	1045	459	1035	150
85	267	85	277	125	277	125	267	50
394	483	394	493	434	493	434	483	100
153	925	153	935	193	935	193	925	100
98	462	98	472	138	472	138	462	100
614	911	614	921	654	921	654	911	200
937	11	937	21	977	21	977	11	250
46	1027	46	1037	86	1037	86	1027	100
283	625	283	635	323	635	323	625	250
791	462	791	472	831	472	831	462	50
856	767	856	777	896	777	896	767	250
438	674	438	684	478	684	478	674	150
818	1005	818	1015	858	1015	858	1005	250
939	718	939	728	979	728	979	718	100
219	322	219	332	259	332	259	322	200
683	886	683	896	723	896	723	886	150
1027	209	1027	219	1067	219	1067	209	200
427	877	427	887	467	887	467	877	100
72	102	72	112	112	112	112	102	250
277	919	277	929	317	929	317	919	100
1155	129	1155	139	1195	139	1195	129	100
873	853	873	863	913	863	913	853	50
677	465	677	475	717	475	717	465	50
735	59	735	69	775	69	775	59	250
186	134	186	144	226	144	226	134	100
1154	737	1154	747	1194	747	1194	737	100
665	978	665	988	705	988	705	978	200
360	933	360	943	400	943	400	933	150
160	850	160	860	200	860	200	850	30
299	537	299	547	339	547	339	537	30
534	520	534	530	574	530	574	520	100
393	167	393	177	433	177	433	167	50
300	730	300	740	340	740	340	730	250
278	242	278	252	318	252	318	242	50
747	402	747	412	787	412	787	402	150
785	232	785	242	825	242	825	232	150
716	667	716	677	756	677	756	667	30
700	1172	700	1182	740	1182	740	1172	150
72	647	72	657	112	657	112	647	50
339	372	339	382	379	382	379	372	150
691	416	691	426	731	426	731	416	250
520	291	520	301	560	301	560	291	200
401	685	401	695	441	695	441	685	150
263	402	263	412	303	412	303	402	30
992	10	992	20	1032	20	1032	10	200
246	803	246	813	286	813	286	803	50
900	970	900	980	940	980	940	970	200
668	521	668	531	708	531	708	521	50
362	1188	362	1198	402	1198	402	1188	50
553	253	553	263	593	263	593	253	200
69	1079	69	1089	109	1089	109	1079	30
11	659	11	669	51	669	51	659	200
893	174	893	184	933	184	933	174	200
728	957	728	967	768	967	768	957	200
1035	849	1035	859	1075	859	1075	849	200
1107	985	1107	995	1147	995	1147	985	50
908	254	908	264	948	264	948	254	200
2	567	2	577	42	577	42	567	150
350	1052	350	1062	390	1062	390	1052	100
512	137	512	147	552	147	552	137	50
375	522	375	532	415	532	415	522	50
664	247	664	257	704	257	704	247	200
380	1149	380	1159	420	1159	420	1149	150
236	931	236	941	276	941	276	931	50
477	149	477	159	517	159	517	149	30
1147	248	1147	258	1187	258	1187	248	30
902	271	902	281	942	281	942	271	100
972	226	972	236	1012	236	1012	226	250
338	476	338	486	378	486	378	476	30
963	114	963	124	1003	124	1003	114	200
1027	548	1027	558	1067	558	1067	548	200
276	763	276	773	316	773	316	763	250
267	74	267	84	307	84	307	74	150
731	1124	731	1134	771	1134	771	1124	30
206	339	206	349	246	349	246	339	150
765	1042	765	1052	805	1052	805	1042	50
391	661	391	671	431	671	431	661	50
667	721	667	731	707	731	707	721	100
495	692	495	702	535	702	535	692	100
274	1166	274	1176	314	1176	314	1166	30
735	299	735	309	775	309	775	299	150
104	1042	104	1052	144	1052	144	1042	50
203	1150	203	1160	243	1160	243	1150	150
401	71	401	81	441	81	441	71	150
207	501	207	511	247	511	247	501	100
829	1066	829	1076	869	1076	869	1066	100
290	124	290	134	330	134	330	124	250
1109	853	1109	863	1149	863	1149	853	150
623	794	623	804	663	804	663	794	50
1103	187	1103	197	1143	197	1143	187	50
886	362	886	372	926	372	926	362	30
372	837	372	847	412	847	412	837	150
287	1034	287	1044	327	1044	327	1034	250
1109	129	1109	139	1149	139	1149	129	200
349	259	349	269	389	269	389	259	150
917	437	917	447	957	447	957	437	50
465	124	465	134	505	134	505	124	50
106	491	106	501	146	501	146	491	200
1115	79	1115	89	1155	89	1155	79	100
699	607	699	617	739	617	739	607	250
1034	637	1034	647	1074	647	1074	637	200
333	767	333	777	373	777	373	767	50
718	839	718	849	758	849	758	839	50
845	1106	845	1116	885	1116	885	1106	100
520	577	520	587	560	587	560	577	30
372	1069	372	1079	412	1079	412	1069	200
769	905	769	915	809	915	809	905	100
14	1048	14	1058	54	1058	54	1048	250
492	422	492	432	532	432	532	422	30
128	134	128	144	168	144	168	134	250
1159	663	1159	673	1199	673	1199	663	50
346	1008	346	1018	386	1018	386	1008	100
215	1116	215	1126	255	1126	255	1116	150
207	390	207	400	247	400	247	390	250
992	786	992	796	1032	796	1032	786	50
930	198	930	208	970	208	970	198	50
380	454	380	464	420	464	420	454	100
1010	273	1010	283	1050	283	1050	273	150
1084	667	1084	677	1124	677	1124	667	50
95	246	95	256	135	256	135	246	50
1143	377	1143	387	1183	387	1183	377	150
711	1046	711	1056	751	1056	751	1046	30
868	933	868	943	908	943	908	933	30
364	737	364	747	404	747	404	737	30
273	1052	273	1062	313	1062	313	1052	50
1032	166	1032	176	1072	176	1072	166	50
746	11	746	21	786	21	786	11	150
697	696	697	706	737	706	737	696	30
69	958	69	968	109	968	109	958	100
531	676	531	686	571	686	571	676	100
367	1104	367	1114	407	1114	407	1104	50
151	949	151	959	191	959	191	949	30
837	146	837	156	877	156	877	146	30
483	609	483	619	523	619	523	609	150
1036	878	1036	888	1076	888	1076	878	200
154	1040	154	1050	194	1050	194	1040	30
865	577	865	587	905	587	905	577	250
104	504	104	514	144	514	144	504	100
211	620	211	630	251	630	251	620	100
9	301	9	311	49	311	49	301	50
128	290	128	300	168	300	168	290	150
1043	671	1043	681	1083	681	1083	671	50
208	402	208	412	248	412	248	402	150
850	513	850	523	890	523	890	513	250
179	540	179	550	219	550	219	540	200
282	792	282	802	322	802	322	792	150
547	85	547	95	587	95	587	85	30
690	476	690	486	730	486	730	476	200
378	876	378	886	418	886	418	876	30
1052	975	1052	985	1092	985	1092	975	100
676	79	676	89	716	89	716	79	150
506	502	506	512	546	512	546	502	150
951	475	951	485	991	485	991	475	50
1086	93	1086	103	1126	103	1126	93	200
211	788	211	798	251	798	251	788	250
507	646	507	656	547	656	547	646	50
240	461	240	471	280	471	280	461	150
477	1050	477	1060	517	1060	517	1050	100
470	1027	470	1037	510	1037	510	1027	200
357	189	357	199	397	199	397	189	30
747	221	747	231	787	231	787	221	100
929	531	929	541	969	541	969	531	100
905	889	905	899	945	899	945	889	50
509	704	509	714	549	714	549	704	50
170	47	170	57	210	57	210	47	250
805	284	805	294	845	294	845	284	30
389	998	389	1008	429	1008	429	998	150
752	131	752	141	792	141	792	131	200
966	768	966	778	1006	778	1006	768	30
20	134	20	144	60	144	60	134	30
407	100	407	110	447	110	447	100	30
693	387	693	397	733	397	733	387	150
1158	796	1158	806	1198	806	1198	796	50
234	368	234	378	274	378	274	368	250
1155	117	1155	127	1195	127	1195	117	30
725	760	725	770	765	770	765	760	30
497	1144	497	1154	537	1154	537	1144	250
748	1003	748	1013	788	1013	788	1003	250
354	234	354	244	394	244	394	234	200
914	872	914	882	954	882	954	872	200
796	342	796	352	836	352	836	342	100
174	243	174	253	214	253	214	243	250
618	1028	618	1038	658	1038	658	1028	50
714	813	714	823	754	823	754	813	50
300	327	300	337	340	337	340	327	250
113	642	113	652	153	652	153	642	30
372	1164	372	1174	412	1174	412	1164	250
662	1027	662	1037	702	1037	702	1027	150
1067	708	1067	718	1107	718	1107	708	200
696	630	696	640	736	640	736	630	50
339	450	339	460	379	460	379	450	30
776	1173	776	1183	816	1183	816	1173	50
478	81	478	91	518	91	518	81	100
910	518	910	528	950	528	950	518	250
795	98	795	108	835	108	835	98	50
631	649	631	659	671	659	671	649	30
442	1134	442	1144	482	1144	482	1134	30
1055	480	1055	490	1095	490	1095	480	50
61	414	61	424	101	424	101	414	200
94	791	94	801	134	801	134	791	50
936	316	936	326	976	326	976	316	50
528	838	528	848	568	848	568	838	100
501	1077	501	1087	541	1087	541	1077	200
1017	1094	1017	1104	1057	1104	1057	1094	100
1099	746	1099	756	1139	756	1139	746	50
419	578	419	588	459	588	459	578	200
40	89	40	99	80	99	80	89	250
721	158	721	168	761	168	761	158	100
254	1085	254	1095	294	1095	294	1085	200
1081	535	1081	545	1121	545	1121	535	150
846	736	846	746	886	746	886	736	200
1093	947	1093	957	1133	957	1133	947	250
775	879	775	889	815	889	815	879	150
1156	359	1156	369	1196	369	1196	359	200
646	335	646	345	686	345	686	335	50
816	362	816	372	856	372	856	362	250
1146	342	1146	352	1186	352	1186	342	200
537	410	537	420	577	420	577	410	200
1157	491	1157	501	1197	501	1197	491	150
1098	433	1098	443	1138	443	1138	433	250
87	1159	87	1169	127	1169	127	1159	200
1015	768	1015	778	1055	778	1055	768	30
282	750	282	760	322	760	322	750	200
302	525	302	535	342	535	342	525	30
1119	395	1119	405	1159	405	1159	395	250
277	1098	277	1108	317	1108	317	1098	150
452	506	452	516	492	516	492	506	150
743	868	743	878	783	878	783	868	50
27	607	27	617	67	617	67	607	50
1046	342	1046	352	1086	352	1086	342	250
626	629	626	639	666	639	666	629	150
446	835	446	845	486	845	486	835	200
943	125	943	135	983	135	983	125	150
379	547	379	557	419	557	419	547	250
98	1100	98	1110	138	1110	138	1100	100
446	916	446	926	486	926	486	916	100
130	1002	130	1012	170	1012	170	1002	100
327	1063	327	1073	367	1073	367	1063	200
999	825	999	835	1039	835	1039	825	30
1007	1120	1007	1130	1047	1130	1047	1120	250
1064	285	1064	295	1104	295	1104	285	150
648	1081	648	1091	688	1091	688	1081	250
971	62	971	72	1011	72	1011	62	30
792	1159	792	1169	832	1169	832	1159	30
874	282	874	292	914	292	914	282	50
478	241	478	251	518	251	518	241	250
654	290	654	300	694	300	694	290	50
732	583	732	593	772	593	772	583	250
153	505	153	515	193	515	193	505	150
775	1062	775	1072	815	1072	815	1062	30
876	218	876	228	916	228	916	218	100
142	36	142	46	182	46	182	36	200
236	777	236	787	276	787	276	777	200
185	169	185	179	225	179	225	169	150
379	979	379	989	419	989	419	979	200
515	209	515	219	555	219	555	209	150
958	869	958	879	998	879	998	869	30
380	633	380	643	420	643	420	633	100
6	1068	6	1078	46	1078	46	1068	100
451	759	451	769	491	769	491	759	150
1074	1126	1074	1136	1114	1136	1114	1126	200
498	451	498	461	538	461	538	451	150
895	1145	895	1155	935	1155	935	1145	150
26	231	26	241	66	241	66	231	200
421	145	421	155	461	155	461	145	100
161	651	161	661	201	661	201	651	30
483	1180	483	1190	523	1190	523	1180	200
5	493	5	503	45	503	45	493	100
524	149	524	159	564	159	564	149	250
107	859	107	869	147	869	147	859	50
672	854	672	864	712	864	712	854	250
226	283	226	293	266	293	266	283	30
623	199	623	209	663	209	663	199	150
30	1121	30	1131	70	1131	70	1121	200
1022	999	1022	1009	1062	1009	1062	999	150
348	863	348	873	388	873	388	863	150
901	1041	901	1051	941	1051	941	1041	30
984	630	984	640	1024	640	1024	630	50
627	868	627	878	667	878	667	868	200
1080	372	1080	382	1120	382	1120	372	150
454	994	454	1004	494	1004	494	994	30
7	469	7	479	47	479	47	469	30
236	311	236	321	276	321	276	311	250
459	1089	459	1099	499	1099	499	1089	150
1072	812	1072	822	1112	822	1112	812	30
477	1169	477	1179	517	1179	517	1169	30
371	921	371	931	411	931	411	921	50
