1200	1200
0	607	0	593	1200	593	1200	607
593	1200	593	0	607	0	607	1200
1092	155	1092	165	1132	165	1132	155	50
68	503	68	513	108	513	108	503	250
321	68	321	78	361	78	361	68	200
494	523	494	533	534	533	534	523	150
1067	1163	1067	1173	1107	1173	1107	1163	30
4	795	4	805	44	805	44	795	50
385	879	385	889	425	889	425	879	30
453	298	453	308	493	308	493	298	100
713	834	713	844	753	844	753	834	150
743	260	743	270	783	270	783	260	250
441	510	441	520	481	520	481	510	250
1075	190	1075	200	1115	200	1115	190	200
878	1060	878	1070	918	1070	918	1060	150
418	475	418	485	458	485	458	475	30
617	337	617	347	657	347	657	337	150
1054	926	1054	936	1094	936	1094	926	150
468	1181	468	1191	508	1191	508	1181	50
1091	366	1091	376	1131	376	1131	366	50
81	166	81	176	121	176	121	166	150
806	759	806	769	846	769	846	759	250
1059	573	1059	583	1099	583	1099	573	50
901	760	901	770	941	770	941	760	250
279	679	279	689	319	689	319	679	30
81	1179	81	1189	121	1189	121	1179	150
294	381	294	391	334	391	334	381	150
931	568	931	578	971	578	971	568	250
759	189	759	199	799	199	799	189	100
273	529	273	539	313	539	313	529	200
464	103	464	113	504	113	504	103	50
418	269	418	279	458	279	458	269	30
831	988	831	998	871	998	871	988	250
471	1001	471	1011	511	1011	511	1001	250
303	1065	303	1075	343	1075	343	1065	30
254	1014	254	1024	294	1024	294	1014	30
9	103	9	113	49	113	49	103	50
843	65	843	75	883	75	883	65	250
846	684	846	694	886	694	886	684	200
1015	581	1015	591	1055	591	1055	581	50
1150	227	1150	237	1190	237	1190	227	100
198	1177	198	1187	238	1187	238	1177	30
105	247	105	257	145	257	145	247	100
408	487	408	497	448	497	448	487	100
544	1166	544	1176	584	1176	584	1166	30
135	723	135	733	175	733	175	723	250
1089	330	1089	340	1129	340	1129	330	150
450	933	450	943	490	943	490	933	100
45	444	45	454	85	454	85	444	250
202	1018	202	1028	242	1028	242	1018	30
721	130	721	140	761	140	761	130	30
257	632	257	642	297	642	297	632	30
500	2	500	12	540	12	540	2	30
152	1094	152	1104	192	1104	192	1094	50
426	619	426	629	466	629	466	619	30
809	810	809	820	849	820	849	810	50
1091	465	1091	475	1131	475	1131	465	50
309	926	309	936	349	936	349	926	150
488	1031	488	1041	528	1041	528	1031	30
1008	70	1008	80	1048	80	1048	70	150
97	870	97	880	137	880	137	870	150
626	904	626	914	666	914	666	904	50
661	935	661	945	701	945	701	935	150
5	44	5	54	45	54	45	44	30
667	24	667	34	707	34	707	24	250
306	580	306	590	346	590	346	580	250
362	124	362	134	402	134	402	124	250
437	316	437	326	477	326	477	316	30
52	1015	52	1025	92	1025	92	1015	50
140	692	140	702	180	702	180	692	150
909	177	909	187	949	187	949	177	250
979	782	979	792	1019	792	1019	782	250
965	931	965	941	1005	941	1005	931	250
866	224	866	234	906	234	906	224	250
486	332	486	342	526	342	526	332	30
60	355	60	365	100	365	100	355	150
1057	441	1057	451	1097	451	1097	441	30
167	792	167	802	207	802	207	792	100
758	529	758	539	798	539	798	529	150
275	66	275	76	315	76	315	66	50
500	22	500	32	540	32	540	22	100
1028	743	1028	753	1068	753	1068	743	100
91	299	91	309	131	309	131	299	200
1096	307	1096	317	1136	317	1136	307	100
982	701	982	711	1022	711	1022	701	100
67	968	67	978	107	978	107	968	250
710	552	710	562	750	562	750	552	100
1010	184	1010	194	1050	194	1050	184	150
794	471	794	481	834	481	834	471	30
16	403	16	413	56	413	56	403	30
387	98	387	108	427	108	427	98	200
796	622	796	632	836	632	836	622	200
10	566	10	576	50	576	50	566	50
621	1000	621	1010	661	1010	661	1000	200
348	287	348	297	388	297	388	287	200
950	756	950	766	990	766	990	756	30
10	1056	10	1066	50	1066	50	1056	200
539	616	539	626	579	626	579	616	150
1078	141	1078	151	1118	151	1118	141	30
751	969	751	979	791	979	791	969	100
1005	1027	1005	1037	1045	1037	1045	1027	250
951	1130	951	1140	991	1140	991	1130	200
660	844	660	854	700	854	700	844	200
1035	1012	1035	1022	1075	1022	1075	1012	150
1059	886	1059	896	1099	896	1099	886	30
173	1051	173	1061	213	1061	213	1051	30
70	677	70	687	110	687	110	677	150
257	467	257	477	297	477	297	467	250
105	656	105	666	145	666	145	656	30
900	492	900	502	940	502	940	492	200
231	682	231	692	271	692	271	682	50
1125	418	1125	428	1165	428	1165	418	100
1047	950	1047	960	1087	960	1087	950	30
363	31	363	41	403	41	403	31	200
33	739	33	749	73	749	73	739	250
632	631	632	641	672	641	672	631	200
267	557	267	567	307	567	307	557	100
100	52	100	62	140	62	140	52	150
1075	16	1075	26	1115	26	1115	16	200
88	1095	88	1105	128	1105	128	1095	150
528	48	528	58	568	58	568	48	200
439	345	439	355	479	355	479	345	200
672	402	672	412	712	412	712	402	250
801	339	801	349	841	349	841	339	100
82	742	82	752	122	752	122	742	250
1020	273	1020	283	1060	283	1060	273	50
102	1066	102	1076	142	1076	142	1066	50
109	187	109	197	149	197	149	187	150
678	246	678	256	718	256	718	246	200
487	730	487	740	527	740	527	730	50
26	713	26	723	66	723	66	713	50
17	823	17	833	57	833	57	823	100
272	288	272	298	312	298	312	288	50
1045	46	1045	56	1085	56	1085	46	30
250	1057	250	1067	290	1067	290	1057	50
277	155	277	165	317	165	317	155	30
1016	360	1016	370	1056	370	1056	360	150
200	368	200	378	240	378	240	368	250
123	1174	123	1184	163	1184	163	1174	30
848	730	848	740	888	740	888	730	100
55	896	55	906	95	906	95	896	50
365	766	365	776	405	776	405	766	50
410	1029	410	1039	450	1039	450	1029	150
1130	1018	1130	1028	1170	1028	1170	1018	100
110	471	110	481	150	481	150	471	30
1082	1070	1082	1080	1122	1080	1122	1070	250
881	951	881	961	921	961	921	951	30
186	566	186	576	226	576	226	566	100
342	100	342	110	382	110	382	100	200
137	550	137	560	177	560	177	550	100
22	66	22	76	62	76	62	66	100
730	696	730	706	770	706	770	696	250
912	857	912	867	952	867	952	857	200
883	407	883	417	923	417	923	407	50
806	960	806	970	846	970	846	960	100
982	881	982	891	1022	891	1022	881	200
238	231	238	241	278	241	278	231	150
1152	1153	1152	1163	1192	1163	1192	1153	250
495	304	495	314	535	314	535	304	200
739	1175	739	1185	779	1185	779	1175	100
274	412	274	422	314	422	314	412	200
828	85	828	95	868	95	868	85	50
990	23	990	33	1030	33	1030	23	200
478	266	478	276	518	276	518	266	50
973	919	973	929	1013	929	1013	919	30
27	369	27	379	67	379	67	369	50
396	1187	396	1197	436	1197	436	1187	250
705	761	705	771	745	771	745	761	250
165	195	165	205	205	205	205	195	150
390	668	390	678	430	678	430	668	150
934	313	934	323	974	323	974	313	200
460	433	460	443	500	443	500	433	250
519	546	519	556	559	556	559	546	150
1120	247	1120	257	1160	257	1160	247	150
655	1064	655	1074	695	1074	695	1064	30
455	683	455	693	495	693	495	683	200
146	70	146	80	186	80	186	70	50
38	177	38	187	78	187	78	177	250
857	484	857	494	897	494	897	484	100
686	426	686	436	726	436	726	426	50
124	1010	124	1020	164	1020	164	1010	100
657	1124	657	1134	697	1134	697	1124	250
1041	897	1041	907	1081	907	1081	897	250
1025	682	1025	692	1065	692	1065	682	100
194	652	194	662	234	662	234	652	30
224	1164	224	1174	264	1174	264	1164	50
619	669	619	679	659	679	659	669	30
247	109	247	119	287	119	287	109	50
514	98	514	108	554	108	554	98	50
545	85	545	95	585	95	585	85	150
645	114	645	124	685	124	685	114	30
653	1163	653	1173	693	1173	693	1163	100
533	447	533	457	573	457	573	447	250
80	24	80	34	120	34	120	24	100
1102	613	1102	623	1142	623	1142	613	250
321	311	321	321	361	321	361	311	50
827	797	827	807	867	807	867	797	50
961	270	961	280	1001	280	1001	270	250
227	762	227	772	267	772	267	762	100
1135	30	1135	40	1175	40	1175	30	50
366	968	366	978	406	978	406	968	250
377	354	377	364	417	364	417	354	150
421	770	421	780	461	780	461	770	30
357	167	357	177	397	177	397	167	50
66	885	66	895	106	895	106	885	50
772	1144	772	1154	812	1154	812	1144	100
451	554	451	564	491	564	491	554	30
1091	683	1091	693	1131	693	1131	683	100
758	493	758	503	798	503	798	493	100
418	156	418	166	458	166	458	156	50
721	954	721	964	761	964	761	954	30
1015	204	1015	214	1055	214	1055	204	250
700	799	700	809	740	809	740	799	30
1032	333	1032	343	1072	343	1072	333	250
525	356	525	366	565	366	565	356	200
691	656	691	666	731	666	731	656	30
860	770	860	780	900	780	900	770	200
396	331	396	341	436	341	436	331	250
835	524	835	534	875	534	875	524	150
355	12	355	22	395	22	395	12	250
454	834	454	844	494	844	494	834	30
766	156	766	166	806	166	806	156	150
747	571	747	581	787	581	787	571	30
489	476	489	486	529	486	529	476	150
1147	576	1147	586	1187	586	1187	576	200
962	179	962	189	1002	189	1002	179	200
955	635	955	645	995	645	995	635	200
353	654	353	664	393	664	393	654	200
1057	76	1057	86	1097	86	1097	76	50
1120	825	1120	835	1160	835	1160	825	50
1137	675	1137	685	1177	685	1177	675	150
778	550	778	560	818	560	818	550	50
76	922	76	932	116	932	116	922	200
382	49	382	59	422	59	422	49	200
651	745	651	755	691	755	691	745	30
948	996	948	1006	988	1006	988	996	250
1144	1118	1144	1128	1184	1128	1184	1118	50
505	1140	505	1150	545	1150	545	1140	50
747	330	747	340	787	340	787	330	150
40	1041	40	1051	80	1051	80	1041	250
193	888	193	898	233	898	233	888	50
1141	918	1141	928	1181	928	1181	918	150
891	735	891	745	931	745	931	735	50
106	265	106	275	146	275	146	265	150
790	363	790	373	830	373	830	363	50
743	422	743	432	783	432	783	422	200
34	297	34	307	74	307	74	297	200
917	189	917	199	957	199	957	189	100
383	1097	383	1107	423	1107	423	1097	50
374	1136	374	1146	414	1146	414	1136	250
720	1019	720	1029	760	1029	760	1019	50
1021	346	1021	356	1061	356	1061	346	200
655	481	655	491	695	491	695	481	30
924	105	924	115	964	115	964	105	30
524	658	524	668	564	668	564	658	30
464	766	464	776	504	776	504	766	200
365	507	365	517	405	517	405	507	30
410	179	410	189	450	189	450	179	200
274	328	274	338	314	338	314	328	30
445	1073	445	1083	485	1083	485	1073	150
614	148	614	158	654	158	654	148	30
59	728	59	738	99	738	99	728	150
1125	186	1125	196	1165	196	1165	186	100
1029	844	1029	854	1069	854	1069	844	100
789	1034	789	1044	829	1044	829	1034	30
812	379	812	389	852	389	852	379	250
74	841	74	851	114	851	114	841	250
685	988	685	998	725	998	725	988	150
1054	290	1054	300	1094	300	1094	290	150
1025	1088	1025	1098	1065	1098	1065	1088	150
438	894	438	904	478	904	478	894	50
716	925	716	935	756	935	756	925	50
1059	120	1059	130	1099	130	1099	120	30
747	61	747	71	787	71	787	61	150
418	821	418	831	458	831	458	821	100
924	1085	924	1095	964	1095	964	1085	30
962	196	962	206	1002	206	1002	196	30
682	897	682	907	722	907	722	897	100
1159	7	1159	17	1199	17	1199	7	50
733	403	733	413	773	413	773	403	30
735	679	735	689	775	689	775	679	50
456	793	456	803	496	803	496	793	200
233	263	233	273	273	273	273	263	100
1028	522	1028	532	1068	532	1068	522	50
1064	771	1064	781	1104	781	1104	771	250
326	89	326	99	366	99	366	89	30
665	309	665	319	705	319	705	309	250
254	1044	254	1054	294	1054	294	1044	100
115	539	115	549	155	549	155	539	250
168	83	168	93	208	93	208	83	250
322	909	322	919	362	919	362	909	30
358	187	358	197	398	197	398	187	100
842	1186	842	1196	882	1196	882	1186	250
193	545	193	555	233	555	233	545	250
258	736	258	746	298	746	298	736	250
734	943	734	953	774	953	774	943	200
190	926	190	936	230	936	230	926	250
40	857	40	867	80	867	80	857	50
166	1112	166	1122	206	1122	206	1112	100
409	752	409	762	449	762	449	752	50
65	138	65	148	105	148	105	138	100
1	1	1	11	41	11	41	1	150
760	1000	760	1010	800	1010	800	1000	200
824	663	824	673	864	673	864	663	200
1123	1083	1123	1093	1163	1093	1163	1083	30
866	5	866	15	906	15	906	5	100
158	873	158	883	198	883	198	873	50
522	870	522	880	562	880	562	870	200
260	845	260	855	300	855	300	845	250
1056	655	1056	665	1096	665	1096	655	30
1147	136	1147	146	1187	146	1187	136	150
746	380	746	390	786	390	786	380	30
915	622	915	632	955	632	955	622	30
239	308	239	318	279	318	279	308	50
1152	628	1152	638	1192	638	1192	628	200
454	967	454	977	494	977	494	967	100
1038	495	1038	505	1078	505	1078	495	150
993	400	993	410	1033	410	1033	400	250
478	984	478	994	518	994	518	984	100
175	339	175	349	215	349	215	339	250
441	1045	441	1055	481	1055	481	1045	100
846	1148	846	1158	886	1158	886	1148	30
809	1106	809	1116	849	1116	849	1106	100
714	141	714	151	754	151	754	141	250
927	227	927	237	967	237	967	227	50
921	439	921	449	961	449	961	439	250
974	1098	974	1108	1014	1108	1014	1098	200
416	983	416	993	456	993	456	983	250
864	188	864	198	904	198	904	188	250
387	643	387	653	427	653	427	643	150
242	612	242	622	282	622	282	612	100
261	243	261	253	301	253	301	243	200
1062	107	1062	117	1102	117	1102	107	30
411	839	411	849	451	849	451	839	250
384	379	384	389	424	389	424	379	250
104	1042	104	1052	144	1052	144	1042	100
1012	662	1012	672	1052	672	1052	662	100
161	469	161	479	201	479	201	469	250
1070	972	1070	982	1110	982	1110	972	250
1107	873	1107	883	1147	883	1147	873	50
1021	476	1021	486	1061	486	1061	476	100
702	1094	702	1104	742	1104	742	1094	100
657	204	657	214	697	214	697	204	100
937	836	937	846	977	846	977	836	250
870	430	870	440	910	440	910	430	100
85	459	85	469	125	469	125	459	150
1110	509	1110	519	1150	519	1150	509	200
182	168	182	178	222	178	222	168	30
620	689	620	699	660	699	660	689	200
888	395	888	405	928	405	928	395	30
1111	898	1111	908	1151	908	1151	898	150
201	607	201	617	241	617	241	607	150
531	1127	531	1137	571	1137	571	1127	100
