1200	1200
0	814	0	800	1200	800	1200	814
0	400	0	386	1200	386	1200	400
593	1200	593	0	607	0	607	1200
422	402	422	412	462	412	462	402	50
687	1096	687	1106	727	1106	727	1096	150
142	716	142	726	182	726	182	716	250
1145	649	1145	659	1185	659	1185	649	150
710	360	710	370	750	370	750	360	30
80	74	80	84	120	84	120	74	30
421	943	421	953	461	953	461	943	250
259	449	259	459	299	459	299	449	100
127	607	127	617	167	617	167	607	250
703	303	703	313	743	313	743	303	50
52	1069	52	1079	92	1079	92	1069	200
942	107	942	117	982	117	982	107	250
1051	710	1051	720	1091	720	1091	710	250
340	716	340	726	380	726	380	716	30
925	1034	925	1044	965	1044	965	1034	250
473	412	473	422	513	422	513	412	100
305	919	305	929	345	929	345	919	30
411	530	411	540	451	540	451	530	30
501	1117	501	1127	541	1127	541	1117	200
477	887	477	897	517	897	517	887	100
1051	596	1051	606	1091	606	1091	596	150
798	749	798	759	838	759	838	749	100
347	1009	347	1019	387	1019	387	1009	50
820	589	820	599	860	599	860	589	150
1099	135	1099	145	1139	145	1139	135	250
447	784	447	794	487	794	487	784	250
400	1177	400	1187	440	1187	440	1177	50
637	1002	637	1012	677	1012	677	1002	50
136	513	136	523	176	523	176	513	50
457	48	457	58	497	58	497	48	200
33	20	33	30	73	30	73	20	50
471	142	471	152	511	152	511	142	100
363	328	363	338	403	338	403	328	100
639	322	639	332	679	332	679	322	100
258	152	258	162	298	162	298	152	250
959	40	959	50	999	50	999	40	100
994	462	994	472	1034	472	1034	462	200
953	256	953	266	993	266	993	256	100
280	1044	280	1054	320	1054	320	1044	200
553	352	553	362	593	362	593	352	100
168	235	168	245	208	245	208	235	100
672	484	672	494	712	494	712	484	30
1053	777	1053	787	1093	787	1093	777	150
65	404	65	414	105	414	105	404	250
752	764	752	774	792	774	792	764	200
645	905	645	915	685	915	685	905	30
1069	575	1069	585	1109	585	1109	575	150
278	335	278	345	318	345	318	335	250
220	1091	220	1101	260	1101	260	1091	250
610	359	610	369	650	369	650	359	100
232	1021	232	1031	272	1031	272	1021	200
673	781	673	791	713	791	713	781	250
914	162	914	172	954	172	954	162	200
99	938	99	948	139	948	139	938	50
412	621	412	631	452	631	452	621	200
271	855	271	865	311	865	311	855	200
203	680	203	690	243	690	243	680	250
921	96	921	106	961	106	961	96	200
939	340	939	350	979	350	979	340	150
677	211	677	221	717	221	717	211	30
146	1000	146	1010	186	1010	186	1000	30
801	781	801	791	841	791	841	781	30
736	1162	736	1172	776	1172	776	1162	200
204	537	204	547	244	547	244	537	30
953	902	953	912	993	912	993	902	50
657	1127	657	1137	697	1137	697	1127	200
348	481	348	491	388	491	388	481	50
536	284	536	294	576	294	576	284	100
479	535	479	545	519	545	519	535	50
732	702	732	712	772	712	772	702	50
316	1158	316	1168	356	1168	356	1158	50
898	906	898	916	938	916	938	906	50
507	352	507	362	547	362	547	352	50
325	113	325	123	365	123	365	113	200
396	499	396	509	436	509	436	499	50
852	509	852	519	892	519	892	509	100
550	950	550	960	590	960	590	950	50
739	715	739	725	779	725	779	715	30
1133	724	1133	734	1173	734	1173	724	50
430	186	430	196	470	196	470	186	150
1140	907	1140	917	1180	917	1180	907	250
835	1147	835	1157	875	1157	875	1147	150
427	663	427	673	467	673	467	663	200
986	615	986	625	1026	625	1026	615	30
531	42	531	52	571	52	571	42	30
516	237	516	247	556	247	556	237	250
1094	737	1094	747	1134	747	1134	737	200
1050	195	1050	205	1090	205	1090	195	100
718	726	718	736	758	736	758	726	100
1102	669	1102	679	1142	679	1142	669	30
280	587	280	597	320	597	320	587	30
788	838	788	848	828	848	828	838	200
326	219	326	229	366	229	366	219	150
136	197	136	207	176	207	176	197	250
698	224	698	234	738	234	738	224	250
1129	15	1129	25	1169	25	1169	15	30
107	350	107	360	147	360	147	350	150
719	962	719	972	759	972	759	962	150
971	487	971	497	1011	497	1011	487	100
258	228	258	238	298	238	298	228	100
1035	64	1035	74	1075	74	1075	64	100
834	489	834	499	874	499	874	489	50
1141	192	1141	202	1181	202	1181	192	200
665	124	665	134	705	134	705	124	30
785	375	785	385	825	385	825	375	100
473	717	473	727	513	727	513	717	100
265	512	265	522	305	522	305	512	30
72	1122	72	1132	112	1132	112	1122	250
619	921	619	931	659	931	659	921	150
411	1007	411	1017	451	1017	451	1007	250
200	317	200	327	240	327	240	317	150
122	109	122	119	162	119	162	109	50
380	120	380	130	420	130	420	120	150
738	320	738	330	778	330	778	320	100
890	970	890	980	930	980	930	970	200
1075	1102	1075	1112	1115	1112	1115	1102	200
383	815	383	825	423	825	423	815	30
46	823	46	833	86	833	86	823	150
253	742	253	752	293	752	293	742	200
963	849	963	859	1003	859	1003	849	200
280	469	280	479	320	479	320	469	100
1159	236	1159	246	1199	246	1199	236	200
711	1037	711	1047	751	1047	751	1037	250
169	650	169	660	209	660	209	650	150
879	345	879	355	919	355	919	345	100
324	247	324	257	364	257	364	247	200
89	1148	89	1158	129	1158	129	1148	250
1153	606	1153	616	1193	616	1193	606	100
257	1188	257	1198	297	1198	297	1188	150
38	252	38	262	78	262	78	252	50
51	789	51	799	91	799	91	789	50
1134	943	1134	953	1174	953	1174	943	50
156	918	156	928	196	928	196	918	30
358	675	358	685	398	685	398	675	30
657	1147	657	1157	697	1157	697	1147	100
857	781	857	791	897	791	897	781	50
440	1049	440	1059	480	1059	480	1049	50
772	906	772	916	812	916	812	906	250
256	927	256	937	296	937	296	927	200
455	705	455	715	495	715	495	705	50
641	107	641	117	681	117	681	107	100
873	285	873	295	913	295	913	285	50
955	1127	955	1137	995	1137	995	1127	30
466	984	466	994	506	994	506	984	100
189	112	189	122	229	122	229	112	100
822	551	822	561	862	561	862	551	50
119	876	119	886	159	886	159	876	200
141	1166	141	1176	181	1176	181	1166	30
936	150	936	160	976	160	976	150	30
831	477	831	487	871	487	871	477	250
191	277	191	287	231	287	231	277	50
643	736	643	746	683	746	683	736	200
861	441	861	451	901	451	901	441	100
1030	158	1030	168	1070	168	1070	158	100
958	584	958	594	998	594	998	584	150
1081	1091	1081	1101	1121	1101	1121	1091	150
959	703	959	713	999	713	999	703	250
919	990	919	1000	959	1000	959	990	150
1094	827	1094	837	1134	837	1134	827	30
31	50	31	60	71	60	71	50	50
503	833	503	843	543	843	543	833	250
367	362	367	372	407	372	407	362	200
546	92	546	102	586	102	586	92	150
839	715	839	725	879	725	879	715	150
352	625	352	635	392	635	392	625	250
837	863	837	873	877	873	877	863	150
1057	1173	1057	1183	1097	1183	1097	1173	100
321	954	321	964	361	964	361	954	30
484	274	484	284	524	284	524	274	150
174	1011	174	1021	214	1021	214	1011	200
996	1063	996	1073	1036	1073	1036	1063	200
1055	845	1055	855	1095	855	1095	845	150
321	522	321	532	361	532	361	522	30
380	343	380	353	420	353	420	343	250
631	429	631	439	671	439	671	429	30
411	108	411	118	451	118	451	108	150
221	421	221	431	261	431	261	421	100
725	61	725	71	765	71	765	61	150
247	690	247	700	287	700	287	690	50
101	424	101	434	141	434	141	424	30
502	737	502	747	542	747	542	737	200
168	65	168	75	208	75	208	65	200
475	665	475	675	515	675	515	665	100
890	820	890	830	930	830	930	820	100
171	1118	171	1128	211	1128	211	1118	50
212	889	212	899	252	899	252	889	150
722	262	722	272	762	272	762	262	30
625	305	625	315	665	315	665	305	200
983	25	983	35	1023	35	1023	25	50
63	193	63	203	103	203	103	193	200
799	967	799	977	839	977	839	967	200
472	327	472	337	512	337	512	327	150
419	260	419	270	459	270	459	260	250
221	855	221	865	261	865	261	855	30
972	1105	972	1115	1012	1115	1012	1105	30
444	1187	444	1197	484	1197	484	1187	150
1025	861	1025	871	1065	871	1065	861	250
288	720	288	730	328	730	328	720	30
61	1169	61	1179	101	1179	101	1169	100
1136	335	1136	345	1176	345	1176	335	200
393	477	393	487	433	487	433	477	50
866	1162	866	1172	906	1172	906	1162	150
488	312	488	322	528	322	528	312	150
816	318	816	328	856	328	856	318	200
698	618	698	628	738	628	738	618	250
174	733	174	743	214	743	214	733	200
655	851	655	861	695	861	695	851	50
540	452	540	462	580	462	580	452	150
858	751	858	761	898	761	898	751	250
1128	287	1128	297	1168	297	1168	287	30
400	843	400	853	440	853	440	843	50
426	968	426	978	466	978	466	968	250
822	121	822	131	862	131	862	121	200
278	216	278	226	318	226	318	216	50
11	917	11	927	51	927	51	917	30
65	742	65	752	105	752	105	742	150
1063	414	1063	424	1103	424	1103	414	200
840	1062	840	1072	880	1072	880	1062	200
1034	766	1034	776	1074	776	1074	766	250
1070	724	1070	734	1110	734	1110	724	250
982	1173	982	1183	1022	1183	1022	1173	50
1022	426	1022	436	1062	436	1062	426	200
254	841	254	851	294	851	294	841	30
233	820	233	830	273	830	273	820	30
88	957	88	967	128	967	128	957	50
828	370	828	380	868	380	868	370	30
336	349	336	359	376	359	376	349	250
450	577	450	587	490	587	490	577	50
893	1001	893	1011	933	1011	933	1001	100
976	963	976	973	1016	973	1016	963	100
683	145	683	155	723	155	723	145	150
920	625	920	635	960	635	960	625	50
1084	402	1084	412	1124	412	1124	402	100
88	309	88	319	128	319	128	309	200
140	375	140	385	180	385	180	375	150
1069	229	1069	239	1109	239	1109	229	250
781	1106	781	1116	821	1116	821	1106	200
1040	472	1040	482	1080	482	1080	472	150
1073	77	1073	87	1113	87	1113	77	200
12	897	12	907	52	907	52	897	150
379	171	379	181	419	181	419	171	150
172	948	172	958	212	958	212	948	200
842	879	842	889	882	889	882	879	30
1139	519	1139	529	1179	529	1179	519	50
985	882	985	892	1025	892	1025	882	30
190	352	190	362	230	362	230	352	250
131	527	131	537	171	537	171	527	200
236	730	236	740	276	740	276	730	50
323	939	323	949	363	949	363	939	200
637	986	637	996	677	996	677	986	150
535	784	535	794	575	794	575	784	50
624	694	624	704	664	704	664	694	250
879	486	879	496	919	496	919	486	200
1063	754	1063	764	1103	764	1103	754	50
775	483	775	493	815	493	815	483	250
820	345	820	355	860	355	860	345	30
820	85	820	95	860	95	860	85	100
1135	578	1135	588	1175	588	1175	578	150
711	538	711	548	751	548	751	538	150
350	42	350	52	390	52	390	42	200
520	430	520	440	560	440	560	430	200
37	493	37	503	77	503	77	493	250
237	600	237	610	277	610	277	600	100
786	165	786	175	826	175	826	165	200
665	278	665	288	705	288	705	278	250
732	988	732	998	772	998	772	988	150
383	1149	383	1159	423	1159	423	1149	150
370	702	370	712	410	712	410	702	200
881	215	881	225	921	225	921	215	100
458	223	458	233	498	233	498	223	100
1128	67	1128	77	1168	77	1168	67	100
391	587	391	597	431	597	431	587	200
385	214	385	224	425	224	425	214	200
270	1141	270	1151	310	1151	310	1141	30
867	162	867	172	907	172	907	162	250
269	527	269	537	309	537	309	527	50
11	735	11	745	51	745	51	735	200
1010	657	1010	667	1050	667	1050	657	200
825	456	825	466	865	466	865	456	100
135	861	135	871	175	871	175	861	30
683	631	683	641	723	641	723	631	250
502	821	502	831	542	831	542	821	30
661	929	661	939	701	939	701	929	250
683	242	683	252	723	252	723	242	100
277	889	277	899	317	899	317	889	100
305	877	305	887	345	887	345	877	50
690	43	690	53	730	53	730	43	50
973	204	973	214	1013	214	1013	204	150
546	515	546	525	586	525	586	515	200
980	276	980	286	1020	286	1020	276	200
893	136	893	146	933	146	933	136	30
352	313	352	323	392	323	392	313	200
323	22	323	32	363	32	363	22	250
1072	912	1072	922	1112	922	1112	912	200
771	450	771	460	811	460	811	450	250
113	591	113	601	153	601	153	591	100
101	458	101	468	141	468	141	458	50
109	488	109	498	149	498	149	488	200
747	1083	747	1093	787	1093	787	1083	30
808	56	808	66	848	66	848	56	150
516	107	516	117	556	117	556	107	100
19	292	19	302	59	302	59	292	100
177	477	177	487	217	487	217	477	50
1152	557	1152	567	1192	567	1192	557	250
430	860	430	870	470	870	470	860	200
364	872	364	882	404	882	404	872	150
511	219	511	229	551	229	551	219	50
759	882	759	892	799	892	799	882	30
955	324	955	334	995	334	995	324	100
1155	1100	1155	1110	1195	1110	1195	1100	50
1040	874	1040	884	1080	884	1080	874	200
451	1099	451	1109	491	1109	491	1099	30
503	585	503	595	543	595	543	585	50
925	236	925	246	965	246	965	236	100
401	455	401	465	441	465	441	455	150
468	454	468	464	508	464	508	454	200
863	895	863	905	903	905	903	895	30
752	541	752	551	792	551	792	541	100
131	1064	131	1074	171	1074	171	1064	250
636	592	636	602	676	602	676	592	200
478	194	478	204	518	204	518	194	50
108	130	108	140	148	140	148	130	250
994	750	994	760	1034	760	1034	750	50
860	7	860	17	900	17	900	7	150
85	917	85	927	125	927	125	917	250
1016	85	1016	95	1056	95	1056	85	30
42	997	42	1007	82	1007	82	997	50
789	507	789	517	829	517	829	507	100
673	750	673	760	713	760	713	750	100
91	851	91	861	131	861	131	851	50
190	790	190	800	230	800	230	790	100
622	1067	622	1077	662	1077	662	1067	150
512	1145	512	1155	552	1155	552	1145	30
282	1074	282	1084	322	1084	322	1074	50
48	107	48	117	88	117	88	107	30
83	28	83	38	123	38	123	28	250
994	680	994	690	1034	690	1034	680	30
195	980	195	990	235	990	235	980	100
910	894	910	904	950	904	950	894	250
819	215	819	225	859	225	859	215	100
88	1039	88	1049	128	1049	128	1039	150
185	579	185	589	225	589	225	579	150
304	745	304	755	344	755	344	745	100
31	1039	31	1049	71	1049	71	1039	30
84	727	84	737	124	737	124	727	100
283	430	283	440	323	440	323	430	250
420	202	420	212	460	212	460	202	100
1028	513	1028	523	1068	523	1068	513	150
1126	28	1126	38	1166	38	1166	28	30
90	656	90	666	130	666	130	656	30
737	1021	737	1031	777	1031	777	1021	250
826	665	826	675	866	675	866	665	50
862	540	862	550	902	550	902	540	30
968	1048	968	1058	1008	1058	1008	1048	30
166	1186	166	1196	206	1196	206	1186	200
413	737	413	747	453	747	453	737	200
203	295	203	305	243	305	243	295	250
762	628	762	638	802	638	802	628	250
894	919	894	929	934	929	934	919	30
1101	309	1101	319	1141	319	1141	309	150
749	147	749	157	789	157	789	147	150
817	441	817	451	857	451	857	441	100
268	359	268	369	308	369	308	359	200
39	537	39	547	79	547	79	537	30
1017	228	1017	238	1057	238	1057	228	30
676	514	676	524	716	524	716	514	200
3	360	3	370	43	370	43	360	150
47	517	47	527	87	527	87	517	50
419	138	419	148	459	148	459	138	250
633	656	633	666	673	666	673	656	50
394	84	394	94	434	94	434	84	30
260	192	260	202	300	202	300	192	150
225	907	225	917	265	917	265	907	50
246	971	246	981	286	981	286	971	150
607	960	607	970	647	970	647	960	100
969	501	969	511	1009	511	1009	501	50
135	210	135	220	175	220	175	210	50
905	65	905	75	945	75	945	65	250
469	638	469	648	509	648	509	638	50
650	954	650	964	690	964	690	954	30
693	564	693	574	733	574	733	564	200
629	459	629	469	669	469	669	459	30
1054	497	1054	507	1094	507	1094	497	30
414	1	414	11	454	11	454	1	50
932	201	932	211	972	211	972	201	30
526	503	526	513	566	513	566	503	150
744	589	744	599	784	599	784	589	50
696	894	696	904	736	904	736	894	250
72	633	72	643	112	643	112	633	30
720	105	720	115	760	115	760	105	150
957	572	957	582	997	582	997	572	30
1023	897	1023	907	1063	907	1063	897	100
694	31	694	41	734	41	734	31	30
310	1103	310	1113	350	1113	350	1103	30
325	767	325	777	365	777	365	767	30
914	54	914	64	954	64	954	54	200
208	464	208	474	248	474	248	464	200
694	1188	694	1198	734	1198	734	1188	100
398	715	398	725	438	725	438	715	250
445	599	445	609	485	609	485	599	30
959	867	959	877	999	877	999	867	150
194	335	194	345	234	345	234	335	100
218	484	218	494	258	494	258	484	150
497	181	497	191	537	191	537	181	30
961	979	961	989	1001	989	1001	979	100
655	971	655	981	695	981	695	971	50
1148	215	1148	225	1188	225	1188	215	200
908	595	908	605	948	605	948	595	100
189	1135	189	1145	229	1145	229	1135	30
612	145	612	155	652	155	652	145	200
838	845	838	855	878	855	878	845	250
1105	602	1105	612	1145	612	1145	602	100
257	778	257	788	297	788	297	778	30
635	290	635	300	675	300	675	290	150
380	53	380	63	420	63	420	53	50
1114	622	1114	632	1154	632	1154	622	100
369	1076	369	1086	409	1086	409	1076	50
80	328	80	338	120	338	120	328	100
1026	1118	1026	1128	1066	1128	1066	1118	150
1084	213	1084	223	1124	223	1124	213	50
248	945	248	955	288	955	288	945	100
457	1120	457	1130	497	1130	497	1120	50
240	957	240	967	280	967	280	957	200
1068	41	1068	51	1108	51	1108	41	50
520	20	520	30	560	30	560	20	250
739	936	739	946	779	946	779	936	250
394	1025	394	1035	434	1035	434	1025	150
963	928	963	938	1003	938	1003	928	250
346	428	346	438	386	438	386	428	150
18	770	18	780	58	780	58	770	100
730	640	730	650	770	650	770	640	250
765	19	765	29	805	29	805	19	150
430	280	430	290	470	290	470	280	50
523	1181	523	1191	563	1191	563	1181	250
546	1033	546	1043	586	1043	586	1033	250
81	55	81	65	121	65	121	55	100
182	159	182	169	222	169	222	159	50
1116	1015	1116	1025	1156	1025	1156	1015	200
495	1157	495	1167	535	1167	535	1157	150
645	884	645	894	685	894	685	884	200
323	6	323	16	363	16	363	6	150
885	360	885	370	925	370	925	360	200
4	1136	4	1146	44	1146	44	1136	100
1077	457	1077	467	1117	467	1117	457	50
1027	564	1027	574	1067	574	1067	564	200
1140	1073	1140	1083	1180	1083	1180	1073	100
1043	315	1043	325	1083	325	1083	315	50
100	44	100	54	140	54	140	44	250
181	174	181	184	221	184	221	174	30
290	700	290	710	330	710	330	700	200
314	652	314	662	354	662	354	652	200
1100	1121	1100	1131	1140	1131	1140	1121	30
963	421	963	431	1003	431	1003	421	30
163	567	163	577	203	577	203	567	250
958	225	958	235	998	235	998	225	150
797	1167	797	1177	837	1177	837	1167	200
744	116	744	126	784	126	784	116	250
934	126	934	136	974	136	974	126	250
1122	260	1122	270	1162	270	1162	260	50
616	1179	616	1189	656	1189	656	1179	200
398	1038	398	1048	438	1048	438	1038	50
309	77	309	87	349	87	349	77	50
991	1185	991	1195	1031	1195	1031	1185	100
479	846	479	856	519	856	519	846	250
320	1085	320	1095	360	1095	360	1085	50
16	2	16	12	56	12	56	2	100
989	190	989	200	1029	200	1029	190	50
258	112	258	122	298	122	298	112	30
823	1009	823	1019	863	1019	863	1009	200
273	310	273	320	313	320	313	310	50
923	267	923	277	963	277	963	267	100
463	71	463	81	503	81	503	71	150
648	706	648	716	688	716	688	706	100
188	747	188	757	228	757	228	747	100
1145	467	1145	477	1185	477	1185	467	100
301	456	301	466	341	466	341	456	50
85	984	85	994	125	994	125	984	30
806	0	806	10	846	10	846	0	200
333	891	333	901	373	901	373	891	50
704	195	704	205	744	205	744	195	250
13	202	13	212	53	212	53	202	100
1157	735	1157	745	1197	745	1197	735	200
522	1093	522	1103	562	1103	562	1093	50
976	603	976	613	1016	613	1016	603	100
904	426	904	436	944	436	944	426	200
995	725	995	735	1035	735	1035	725	200
103	285	103	295	143	295	143	285	100
336	265	336	275	376	275	376	265	50
950	1140	950	1150	990	1150	990	1140	150
218	878	218	888	258	888	258	878	200
635	32	635	42	675	42	675	32	200
50	375	50	385	90	385	90	375	50
13	66	13	76	53	76	53	66	250
842	33	842	43	882	43	882	33	100
479	771	479	781	519	781	519	771	100
542	555	542	565	582	565	582	555	200
56	123	56	133	96	133	96	123	30
864	623	864	633	904	633	904	623	30
780	680	780	690	820	690	820	680	30
1013	1	1013	11	1053	11	1053	1	30
228	409	228	419	268	419	268	409	200
106	177	106	187	146	187	146	177	250
1047	533	1047	543	1087	543	1087	533	50
526	877	526	887	566	887	566	877	200
0	994	0	1004	40	1004	40	994	50
211	631	211	641	251	641	251	631	50
926	188	926	198	966	198	966	188	250
89	155	89	165	129	165	129	155	150
608	1106	608	1116	648	1116	648	1106	200
903	538	903	548	943	548	943	538	150
1090	441	1090	451	1130	451	1130	441	100
1063	1141	1063	1151	1103	1151	1103	1141	250
670	1016	670	1026	710	1026	710	1016	200
733	1119	733	1129	773	1129	773	1119	250
93	973	93	983	133	983	133	973	30
196	32	196	42	236	42	236	32	30
770	73	770	83	810	83	810	73	100
1059	369	1059	379	1099	379	1099	369	50
274	485	274	495	314	495	314	485	50
1141	148	1141	158	1181	158	1181	148	250
1047	440	1047	450	1087	450	1087	440	30
36	241	36	251	76	251	76	241	250
1053	833	1053	843	1093	843	1093	833	50
1020	953	1020	963	1060	963	1060	953	50
730	1072	730	1082	770	1082	770	1072	30
131	898	131	908	171	908	171	898	150
726	472	726	482	766	482	766	472	250
713	159	713	169	753	169	753	159	150
495	548	495	558	535	558	535	548	150
637	1027	637	1037	677	1037	677	1027	50
1016	339	1016	349	1056	349	1056	339	250
834	566	834	576	874	576	874	566	200
637	411	637	421	677	421	677	411	150
903	722	903	732	943	732	943	722	50
655	1050	655	1060	695	1060	695	1050	30
479	1003	479	1013	519	1013	519	1003	100
1092	937	1092	947	1132	947	1132	937	250
39	340	39	350	79	350	79	340	200
319	133	319	143	359	143	359	133	50
1106	416	1106	426	1146	426	1146	416	200
878	1105	878	1115	918	1115	918	1105	30
383	149	383	159	423	159	423	149	200
773	1058	773	1068	813	1068	813	1058	150
1127	896	1127	906	1167	906	1167	896	50
1131	1152	1131	1162	1171	1162	1171	1152	30
1060	24	1060	34	1100	34	1100	24	100
304	147	304	157	344	157	344	147	150
1091	473	1091	483	1131	483	1131	473	30
486	469	486	479	526	479	526	469	30
635	558	635	568	675	568	675	558	200
481	496	481	506	521	506	521	496	250
1123	531	1123	541	1163	541	1163	531	200
509	615	509	625	549	625	549	615	250
660	61	660	71	700	71	700	61	50
35	673	35	683	75	683	75	673	250
764	233	764	243	804	243	804	233	250
125	241	125	251	165	251	165	241	100
727	742	727	752	767	752	767	742	250
1041	618	1041	628	1081	628	1081	618	30
881	317	881	327	921	327	921	317	50
861	1086	861	1096	901	1096	901	1086	100
915	446	915	456	955	456	955	446	100
164	444	164	454	204	454	204	444	50
496	859	496	869	536	869	536	859	200
509	566	509	576	549	576	549	566	30
471	1	471	11	511	11	511	1	250
279	348	279	358	319	358	319	348	50
1116	958	1116	968	1156	968	1156	958	250
441	827	441	837	481	837	481	827	30
923	679	923	689	963	689	963	679	250
399	917	399	927	439	927	439	917	30
283	416	283	426	323	426	323	416	200
252	1113	252	1123	292	1123	292	1113	30
851	1126	851	1136	891	1136	891	1126	100
3	132	3	142	43	142	43	132	30
611	1158	611	1168	651	1168	651	1158	250
422	354	422	364	462	364	462	354	30
4	573	4	583	44	583	44	573	30
103	780	103	790	143	790	143	780	100
420	518	420	528	460	528	460	518	100
615	173	615	183	655	183	655	173	50
136	1099	136	1109	176	1109	176	1099	100
870	104	870	114	910	114	910	104	150
553	930	553	940	593	940	593	930	30
737	948	737	958	777	958	777	948	250
1155	666	1155	676	1195	676	1195	666	50
1014	1083	1014	1093	1054	1093	1054	1083	30
799	937	799	947	839	947	839	937	100
130	1051	130	1061	170	1061	170	1051	50
642	604	642	614	682	614	682	604	250
999	631	999	641	1039	641	1039	631	50
1057	179	1057	189	1097	189	1097	179	200
360	605	360	615	400	615	400	605	200
966	1092	966	1102	1006	1102	1006	1092	150
39	838	39	848	79	848	79	838	50
902	868	902	878	942	878	942	868	100
396	1096	396	1106	436	1106	436	1096	100
1045	1159	1045	1169	1085	1169	1085	1159	50
871	1075	871	1085	911	1085	911	1075	250
614	838	614	848	654	848	654	838	150
52	703	52	713	92	713	92	703	200
427	1080	427	1090	467	1090	467	1080	30
382	964	382	974	422	974	422	964	150
14	1125	14	1135	54	1135	54	1125	150
80	571	80	581	120	581	120	571	30
1071	290	1071	300	1111	300	1111	290	100
821	241	821	251	861	251	861	241	30
152	1078	152	1088	192	1088	192	1078	50
285	1025	285	1035	325	1035	325	1025	200
526	719	526	729	566	729	566	719	250
785	662	785	672	825	672	825	662	50
391	1049	391	1059	431	1059	431	1049	30
992	783	992	793	1032	793	1032	783	30
318	970	318	980	358	980	358	970	200
1026	257	1026	267	1066	267	1066	257	100
481	368	481	378	521	378	521	368	150
618	476	618	486	658	486	658	476	250
793	524	793	534	833	534	833	524	200
364	832	364	842	404	842	404	832	50
685	416	685	426	725	426	725	416	30
194	993	194	1003	234	1003	234	993	100
15	588	15	598	55	598	55	588	50
60	473	60	483	100	483	100	473	150
947	175	947	185	987	185	987	175	100
789	409	789	419	829	419	829	409	50
620	721	620	731	660	731	660	721	200
780	1004	780	1014	820	1014	820	1004	100
551	268	551	278	591	278	591	268	150
1000	244	1000	254	1040	254	1040	244	150
409	996	409	1006	449	1006	449	996	150
299	608	299	618	339	618	339	608	200
474	920	474	930	514	930	514	920	30
616	5	616	15	656	15	656	5	30
459	621	459	631	499	631	499	621	150
1073	350	1073	360	1113	360	1113	350	30
1134	700	1134	710	1174	710	1174	700	30
550	1052	550	1062	590	1062	590	1052	150
373	758	373	768	413	768	413	758	30
34	178	34	188	74	188	74	178	30
18	87	18	97	58	97	58	87	30
784	189	784	199	824	199	824	189	100
345	97	345	107	385	107	385	97	50
734	438	734	448	774	448	774	438	250
133	96	133	106	173	106	173	96	200
463	353	463	363	503	363	503	353	200
106	1133	106	1143	146	1143	146	1133	150
222	661	222	671	262	671	262	661	100
177	822	177	832	217	832	217	822	100
895	40	895	50	935	50	935	40	30
758	275	758	285	798	285	798	275	200
740	859	740	869	780	869	780	859	250
273	166	273	176	313	176	313	166	250
285	629	285	639	325	639	325	629	250
276	283	276	293	316	293	316	283	100
1046	693	1046	703	1086	703	1086	693	100
996	319	996	329	1036	329	1036	319	150
817	110	817	120	857	120	857	110	150
616	184	616	194	656	194	656	184	200
211	1063	211	1073	251	1073	251	1063	100
1115	233	1115	243	1155	243	1155	233	50
1101	681	1101	691	1141	691	1141	681	50
843	44	843	54	883	54	883	44	150
1023	130	1023	140	1063	140	1063	130	150
522	331	522	341	562	341	562	331	100
1016	1009	1016	1019	1056	1019	1056	1009	250
771	203	771	213	811	213	811	203	50
454	1068	454	1078	494	1078	494	1068	200
516	672	516	682	556	682	556	672	250
448	127	448	137	488	137	488	127	100
122	297	122	307	162	307	162	297	200
160	701	160	711	200	711	200	701	150
545	1009	545	1019	585	1019	585	1009	50
773	604	773	614	813	614	813	604	100
286	267	286	277	326	277	326	267	150
296	96	296	106	336	106	336	96	30
215	56	215	66	255	66	255	56	150
1075	166	1075	176	1115	176	1115	166	50
1093	339	1093	349	1133	349	1133	339	250
306	667	306	677	346	677	346	667	30
819	731	819	741	859	741	859	731	200
819	895	819	905	859	905	859	895	150
30	940	30	950	70	950	70	940	100
782	852	782	862	822	862	822	852	150
150	661	150	671	190	671	190	661	200
1158	301	1158	311	1198	311	1198	301	250
225	1153	225	1163	265	1163	265	1153	200
509	950	509	960	549	960	549	950	200
60	210	60	220	100	220	100	210	200
762	101	762	111	802	111	802	101	30
962	526	962	536	1002	536	1002	526	150
519	78	519	88	559	88	559	78	200
47	455	47	465	87	465	87	455	200
489	694	489	704	529	704	529	694	150
249	140	249	150	289	150	289	140	100
