1200	1200
0	814	0	800	1200	800	1200	814
0	400	0	386	1200	386	1200	400
386	1200	386	0	400	0	400	1200
800	1200	800	0	814	0	814	1200
80	1093	80	1103	120	1103	120	1093	200
756	366	756	376	796	376	796	366	30
1051	426	1051	436	1091	436	1091	426	50
931	319	931	329	971	329	971	319	250
1014	272	1014	282	1054	282	1054	272	200
935	368	935	378	975	378	975	368	250
178	442	178	452	218	452	218	442	50
1158	785	1158	795	1198	795	1198	785	50
665	975	665	985	705	985	705	975	250
602	431	602	441	642	441	642	431	150
526	672	526	682	566	682	566	672	150
133	989	133	999	173	999	173	989	150
161	776	161	786	201	786	201	776	200
1005	465	1005	475	1045	475	1045	465	150
674	303	674	313	714	313	714	303	250
164	543	164	553	204	553	204	543	250
524	722	524	732	564	732	564	722	250
1006	666	1006	676	1046	676	1046	666	150
298	553	298	563	338	563	338	553	100
457	236	457	246	497	246	497	236	100
183	92	183	102	223	102	223	92	30
244	962	244	972	284	972	284	962	250
1155	324	1155	334	1195	334	1195	324	200
294	785	294	795	334	795	334	785	250
638	814	638	824	678	824	678	814	200
531	1127	531	1137	571	1137	571	1127	200
532	333	532	343	572	343	572	333	100
542	45	542	55	582	55	582	45	250
1050	217	1050	227	1090	227	1090	217	200
121	327	121	337	161	337	161	327	250
624	1107	624	1117	664	1117	664	1107	50
1050	604	1050	614	1090	614	1090	604	200
616	575	616	585	656	585	656	575	250
152	375	152	385	192	385	192	375	150
606	1160	606	1170	646	1170	646	1160	200
270	1009	270	1019	310	1019	310	1009	150
861	104	861	114	901	114	901	104	250
148	716	148	726	188	726	188	716	30
262	749	262	759	302	759	302	749	30
631	502	631	512	671	512	671	502	100
51	143	51	153	91	153	91	143	150
225	1098	225	1108	265	1108	265	1098	250
701	21	701	31	741	31	741	21	50
702	755	702	765	742	765	742	755	250
420	837	420	847	460	847	460	837	250
254	761	254	771	294	771	294	761	100
984	32	984	42	1024	42	1024	32	150
597	1012	597	1022	637	1022	637	1012	150
479	826	479	836	519	836	519	826	200
132	933	132	943	172	943	172	933	30
861	304	861	314	901	314	901	304	250
889	414	889	424	929	424	929	414	200
248	278	248	288	288	288	288	278	100
831	972	831	982	871	982	871	972	100
527	72	527	82	567	82	567	72	200
270	663	270	673	310	673	310	663	200
1154	79	1154	89	1194	89	1194	79	50
1112	1172	1112	1182	1152	1182	1152	1172	50
36	258	36	268	76	268	76	258	100
992	1157	992	1167	1032	1167	1032	1157	100
993	334	993	344	1033	344	1033	334	50
63	1110	63	1120	103	1120	103	1110	100
657	1150	657	1160	697	1160	697	1150	200
263	421	263	431	303	431	303	421	200
1065	840	1065	850	1105	850	1105	840	150
220	928	220	938	260	938	260	928	100
506	277	506	287	546	287	546	277	150
184	614	184	624	224	624	224	614	200
871	1085	871	1095	911	1095	911	1085	250
1079	1185	1079	1195	1119	1195	1119	1185	200
549	497	549	507	589	507	589	497	100
1133	199	1133	209	1173	209	1173	199	250
594	847	594	857	634	857	634	847	150
1126	482	1126	492	1166	492	1166	482	200
281	166	281	176	321	176	321	166	150
172	1024	172	1034	212	1034	212	1024	250
647	1042	647	1052	687	1052	687	1042	100
318	830	318	840	358	840	358	830	50
469	473	469	483	509	483	509	473	50
904	868	904	878	944	878	944	868	250
1067	710	1067	720	1107	720	1107	710	150
1094	987	1094	997	1134	997	1134	987	200
1072	81	1072	91	1112	91	1112	81	250
1023	971	1023	981	1063	981	1063	971	250
140	953	140	963	180	963	180	953	250
407	708	407	718	447	718	447	708	250
993	18	993	28	1033	28	1033	18	30
1047	1135	1047	1145	1087	1145	1087	1135	30
82	673	82	683	122	683	122	673	250
346	151	346	161	386	161	386	151	250
939	952	939	962	979	962	979	952	100
465	940	465	950	505	950	505	940	150
832	452	832	462	872	462	872	452	150
1081	558	1081	568	1121	568	1121	558	150
984	114	984	124	1024	124	1024	114	100
1116	842	1116	852	1156	852	1156	842	30
461	642	461	652	501	652	501	642	150
141	37	141	47	181	47	181	37	250
572	346	572	356	612	356	612	346	100
141	306	141	316	181	316	181	306	100
956	140	956	150	996	150	996	140	100
1088	1001	1088	1011	1128	1011	1128	1001	30
147	1105	147	1115	187	1115	187	1105	200
148	662	148	672	188	672	188	662	200
137	136	137	146	177	146	177	136	200
168	906	168	916	208	916	208	906	150
696	443	696	453	736	453	736	443	50
704	735	704	745	744	745	744	735	250
426	471	426	481	466	481	466	471	200
108	567	108	577	148	577	148	567	50
4	831	4	841	44	841	44	831	100
1107	1060	1107	1070	1147	1070	1147	1060	100
939	1017	939	1027	979	1027	979	1017	30
1129	963	1129	973	1169	973	1169	963	250
1004	891	1004	901	1044	901	1044	891	200
938	508	938	518	978	518	978	508	200
547	445	547	455	587	455	587	445	150
613	666	613	676	653	676	653	666	100
583	191	583	201	623	201	623	191	50
141	1128	141	1138	181	1138	181	1128	150
704	1015	704	1025	744	1025	744	1015	50
584	169	584	179	624	179	624	169	50
713	210	713	220	753	220	753	210	30
138	217	138	227	178	227	178	217	30
166	1050	166	1060	206	1060	206	1050	100
265	1116	265	1126	305	1126	305	1116	30
529	432	529	442	569	442	569	432	250
322	1026	322	1036	362	1036	362	1026	50
208	729	208	739	248	739	248	729	50
406	514	406	524	446	524	446	514	50
1138	736	1138	746	1178	746	1178	736	150
284	611	284	621	324	621	324	611	100
826	216	826	226	866	226	866	216	250
95	713	95	723	135	723	135	713	100
334	1083	334	1093	374	1093	374	1083	200
462	729	462	739	502	739	502	729	30
323	624	323	634	363	634	363	624	150
312	482	312	492	352	492	352	482	200
977	295	977	305	1017	305	1017	295	200
1076	1095	1076	1105	1116	1105	1116	1095	200
429	260	429	270	469	270	469	260	200
931	219	931	229	971	229	971	219	50
261	197	261	207	301	207	301	197	200
696	371	696	381	736	381	736	371	200
510	460	510	470	550	470	550	460	200
291	943	291	953	331	953	331	943	50
836	62	836	72	876	72	876	62	30
191	221	191	231	231	231	231	221	250
1012	0	1012	10	1052	10	1052	0	250
527	1009	527	1019	567	1019	567	1009	30
895	677	895	687	935	687	935	677	150
483	7	483	17	523	17	523	7	50
669	174	669	184	709	184	709	174	200
1152	535	1152	545	1192	545	1192	535	150
417	667	417	677	457	677	457	667	100
127	173	127	183	167	183	167	173	200
624	1138	624	1148	664	1148	664	1138	150
910	286	910	296	950	296	950	286	200
608	547	608	557	648	557	648	547	30
819	439	819	449	859	449	859	439	100
286	1182	286	1192	326	1192	326	1182	250
1155	306	1155	316	1195	316	1195	306	100
1138	872	1138	882	1178	882	1178	872	100
233	537	233	547	273	547	273	537	250
27	729	27	739	67	739	67	729	30
447	929	447	939	487	939	487	929	150
861	16	861	26	901	26	901	16	250
845	713	845	723	885	723	885	713	30
639	99	639	109	679	109	679	99	50
586	916	586	926	626	926	626	916	50
449	563	449	573	489	573	489	563	100
993	1001	993	1011	1033	1011	1033	1001	30
336	515	336	525	376	525	376	515	100
690	825	690	835	730	835	730	825	100
1127	586	1127	596	1167	596	1167	586	30
1093	631	1093	641	1133	641	1133	631	50
483	1040	483	1050	523	1050	523	1040	30
695	543	695	553	735	553	735	543	200
68	203	68	213	108	213	108	203	100
39	66	39	76	79	76	79	66	30
200	465	200	475	240	475	240	465	100
437	1026	437	1036	477	1036	477	1026	50
173	1010	173	1020	213	1020	213	1010	150
461	420	461	430	501	430	501	420	100
711	324	711	334	751	334	751	324	200
297	1041	297	1051	337	1051	337	1041	250
493	902	493	912	533	912	533	902	200
440	996	440	1006	480	1006	480	996	100
286	523	286	533	326	533	326	523	30
842	1022	842	1032	882	1032	882	1022	100
476	714	476	724	516	724	516	714	100
61	131	61	141	101	141	101	131	200
845	155	845	165	885	165	885	155	250
419	968	419	978	459	978	459	968	250
525	473	525	483	565	483	565	473	50
508	774	508	784	548	784	548	774	250
1018	823	1018	833	1058	833	1058	823	30
951	479	951	489	991	489	991	479	200
876	844	876	854	916	854	916	844	50
103	1071	103	1081	143	1081	143	1071	30
1041	321	1041	331	1081	331	1081	321	30
652	420	652	430	692	430	692	420	100
684	497	684	507	724	507	724	497	200
538	91	538	101	578	101	578	91	50
259	467	259	477	299	477	299	467	150
301	710	301	720	341	720	341	710	200
276	721	276	731	316	731	316	721	200
414	414	414	424	454	424	454	414	150
867	81	867	91	907	91	907	81	150
260	294	260	304	300	304	300	294	150
833	1189	833	1199	873	1199	873	1189	30
686	779	686	789	726	789	726	779	250
950	159	950	169	990	169	990	159	100
528	122	528	132	568	132	568	122	100
138	601	138	611	178	611	178	601	100
91	375	91	385	131	385	131	375	200
1083	923	1083	933	1123	933	1123	923	100
828	622	828	632	868	632	868	622	150
416	684	416	694	456	694	456	684	30
714	195	714	205	754	205	754	195	150
656	692	656	702	696	702	696	692	100
0	87	0	97	40	97	40	87	150
70	349	70	359	110	359	110	349	50
1133	44	1133	54	1173	54	1173	44	100
320	664	320	674	360	674	360	664	30
732	338	732	348	772	348	772	338	100
1080	298	1080	308	1120	308	1120	298	30
47	508	47	518	87	518	87	508	100
854	115	854	125	894	125	894	115	150
31	759	31	769	71	769	71	759	30
1136	167	1136	177	1176	177	1176	167	150
675	987	675	997	715	997	715	987	250
844	535	844	545	884	545	884	535	30
631	518	631	528	671	528	671	518	30
869	651	869	661	909	661	909	651	250
187	123	187	133	227	133	227	123	200
642	1021	642	1031	682	1031	682	1021	200
654	938	654	948	694	948	694	938	250
317	441	317	451	357	451	357	441	150
1009	214	1009	224	1049	224	1049	214	150
513	994	513	1004	553	1004	553	994	250
10	598	10	608	50	608	50	598	30
223	308	223	318	263	318	263	308	50
1058	952	1058	962	1098	962	1098	952	150
677	847	677	857	717	857	717	847	100
269	1091	269	1101	309	1101	309	1091	200
875	888	875	898	915	898	915	888	50
69	965	69	975	109	975	109	965	30
303	898	303	908	343	908	343	898	200
489	856	489	866	529	866	529	856	150
176	937	176	947	216	947	216	937	100
562	250	562	260	602	260	602	250	50
1082	1113	1082	1123	1122	1123	1122	1113	50
864	32	864	42	904	42	904	32	50
589	1120	589	1130	629	1130	629	1120	200
158	701	158	711	198	711	198	701	100
98	637	98	647	138	647	138	637	30
496	1025	496	1035	536	1035	536	1025	50
1114	435	1114	445	1154	445	1154	435	250
1131	271	1131	281	1171	281	1171	271	50
306	757	306	767	346	767	346	757	50
877	341	877	351	917	351	917	341	100
80	120	80	130	120	130	120	120	250
997	930	997	940	1037	940	1037	930	200
655	128	655	138	695	138	695	128	150
90	286	90	296	130	296	130	286	50
1089	790	1089	800	1129	800	1129	790	50
182	237	182	247	222	247	222	237	200
582	623	582	633	622	633	622	623	100
89	928	89	938	129	938	129	928	200
159	1176	159	1186	199	1186	199	1176	150
1080	774	1080	784	1120	784	1120	774	100
518	33	518	43	558	43	558	33	100
140	16	140	26	180	26	180	16	30
841	48	841	58	881	58	881	48	150
671	959	671	969	711	969	711	959	30
468	527	468	537	508	537	508	527	100
1003	569	1003	579	1043	579	1043	569	50
961	265	961	275	1001	275	1001	265	200
668	581	668	591	708	591	708	581	150
154	79	154	89	194	89	194	79	250
733	899	733	909	773	909	773	899	30
1095	370	1095	380	1135	380	1135	370	30
1033	442	1033	452	1073	452	1073	442	200
428	137	428	147	468	147	468	137	250
1017	1089	1017	1099	1057	1099	1057	1089	100
247	680	247	690	287	690	287	680	150
483	264	483	274	523	274	523	264	200
842	702	842	712	882	712	882	702	100
1131	826	1131	836	1171	836	1171	826	250
193	872	193	882	233	882	233	872	50
1096	750	1096	760	1136	760	1136	750	250
570	71	570	81	610	81	610	71	250
975	447	975	457	1015	457	1015	447	200
580	1081	580	1091	620	1091	620	1081	100
737	941	737	951	777	951	777	941	200
965	1061	965	1071	1005	1071	1005	1061	250
863	1131	863	1141	903	1141	903	1131	150
574	410	574	420	614	420	614	410	150
874	774	874	784	914	784	914	774	200
214	342	214	352	254	352	254	342	50
341	212	341	222	381	222	381	212	150
1031	483	1031	493	1071	493	1071	483	50
260	1163	260	1173	300	1173	300	1163	250
566	938	566	948	606	948	606	938	30
1069	332	1069	342	1109	342	1109	332	150
975	1083	975	1093	1015	1093	1015	1083	200
565	656	565	666	605	666	605	656	150
1053	54	1053	64	1093	64	1093	54	50
855	1053	855	1063	895	1063	895	1053	100
547	266	547	276	587	276	587	266	30
881	624	881	634	921	634	921	624	200
704	565	704	575	744	575	744	565	250
949	554	949	564	989	564	989	554	50
245	358	245	368	285	368	285	358	200
104	816	104	826	144	826	144	816	250
409	751	409	761	449	761	449	751	250
193	279	193	289	233	289	233	279	50
704	286	704	296	744	296	744	286	250
1077	269	1077	279	1117	279	1117	269	100
504	149	504	159	544	159	544	149	30
990	769	990	779	1030	779	1030	769	200
421	101	421	111	461	111	461	101	250
273	850	273	860	313	860	313	850	250
236	839	236	849	276	849	276	839	50
1055	180	1055	190	1095	190	1095	180	200
126	429	126	439	166	439	166	429	50
737	860	737	870	777	870	777	860	150
127	466	127	476	167	476	167	466	50
183	594	183	604	223	604	223	594	250
308	249	308	259	348	259	348	249	30
949	572	949	582	989	582	989	572	100
424	372	424	382	464	382	464	372	250
75	28	75	38	115	38	115	28	150
73	8	73	18	113	18	113	8	200
1147	400	1147	410	1187	410	1187	400	200
657	1182	657	1192	697	1192	697	1182	250
221	251	221	261	261	261	261	251	100
226	984	226	994	266	994	266	984	250
417	651	417	661	457	661	457	651	250
1153	722	1153	732	1193	732	1193	722	200
75	93	75	103	115	103	115	93	50
839	187	839	197	879	197	879	187	150
167	1069	167	1079	207	1079	207	1069	100
744	1101	744	1111	784	1111	784	1101	150
1043	24	1043	34	1083	34	1083	24	30
964	656	964	666	1004	666	1004	656	30
221	645	221	655	261	655	261	645	30
189	814	189	824	229	824	229	814	200
927	1113	927	1123	967	1123	967	1113	200
237	80	237	90	277	90	277	80	50
60	426	60	436	100	436	100	426	200
285	376	285	386	325	386	325	376	30
939	531	939	541	979	541	979	531	200
557	1024	557	1034	597	1034	597	1024	50
1124	1090	1124	1100	1164	1100	1164	1090	50
563	860	563	870	603	870	603	860	200
307	132	307	142	347	142	347	132	150
341	318	341	328	381	328	381	318	100
632	763	632	773	672	773	672	763	150
641	83	641	93	681	93	681	83	100
589	207	589	217	629	217	629	207	100
411	789	411	799	451	799	451	789	250
735	1026	735	1036	775	1036	775	1026	250
534	610	534	620	574	620	574	610	100
915	817	915	827	955	827	955	817	150
408	161	408	171	448	171	448	161	200
218	568	218	578	258	578	258	568	100
907	587	907	597	947	597	947	587	150
1087	407	1087	417	1127	417	1127	407	50
123	617	123	627	163	627	163	617	30
2	917	2	927	42	927	42	917	200
932	423	932	433	972	433	972	423	50
667	457	667	467	707	467	707	457	100
1103	98	1103	108	1143	108	1143	98	100
198	1127	198	1137	238	1137	238	1127	200
960	742	960	752	1000	752	1000	742	50
534	230	534	240	574	240	574	230	100
573	824	573	834	613	834	613	824	250
491	629	491	639	531	639	531	629	250
1129	119	1129	129	1169	129	1169	119	100
932	1077	932	1087	972	1087	972	1077	30
751	63	751	73	791	73	791	63	100
682	909	682	919	722	919	722	909	50
207	517	207	527	247	527	247	517	50
471	376	471	386	511	386	511	376	250
594	229	594	239	634	239	634	229	50
1010	917	1010	927	1050	927	1050	917	200
591	1049	591	1059	631	1059	631	1049	250
70	469	70	479	110	479	110	469	30
956	282	956	292	996	292	996	282	50
95	649	95	659	135	659	135	649	200
95	298	95	308	135	308	135	298	200
13	862	13	872	53	872	53	862	50
237	1048	237	1058	277	1058	277	1048	200
226	1020	226	1030	266	1030	266	1020	50
422	1054	422	1064	462	1064	462	1054	150
711	591	711	601	751	601	751	591	100
274	150	274	160	314	160	314	150	100
241	782	241	792	281	792	281	782	100
834	1148	834	1158	874	1158	874	1148	150
23	9	23	19	63	19	63	9	150
556	310	556	320	596	320	596	310	30
554	1097	554	1107	594	1107	594	1097	100
1040	1147	1040	1157	1080	1157	1080	1147	100
599	373	599	383	639	383	639	373	150
98	1146	98	1156	138	1156	138	1146	100
1024	1047	1024	1057	1064	1057	1064	1047	100
522	191	522	201	562	201	562	191	30
830	773	830	783	870	783	870	773	250
1144	248	1144	258	1184	258	1184	248	30
312	692	312	702	352	702	352	692	30
1149	230	1149	240	1189	240	1189	230	150
562	574	562	584	602	584	602	574	50
638	734	638	744	678	744	678	734	50
28	1008	28	1018	68	1018	68	1008	100
335	731	335	741	375	741	375	731	50
925	972	925	982	965	982	965	972	30
550	885	550	895	590	895	590	885	150
535	15	535	25	575	25	575	15	250
1049	168	1049	178	1089	178	1089	168	50
956	591	956	601	996	601	996	591	250
0	874	0	884	40	884	40	874	200
428	432	428	442	468	442	468	432	30
740	352	740	362	780	362	780	352	250
296	966	296	976	336	976	336	966	200
500	1086	500	1096	540	1096	540	1086	200
1140	993	1140	1003	1180	1003	1180	993	100
542	1037	542	1047	582	1047	582	1037	150
618	1069	618	1079	658	1079	658	1069	150
1145	617	1145	627	1185	627	1185	617	250
927	56	927	66	967	66	967	56	30
4	369	4	379	44	379	44	369	100
82	1060	82	1070	122	1070	122	1060	100
513	837	513	847	553	847	553	837	50
24	287	24	297	64	297	64	287	250
3	160	3	170	43	170	43	160	150
80	734	80	744	120	744	120	734	200
40	621	40	631	80	631	80	621	100
1016	307	1016	317	1056	317	1056	307	200
1115	188	1115	198	1155	198	1155	188	50
480	253	480	263	520	263	520	253	250
736	880	736	890	776	890	776	880	150
65	458	65	468	105	468	105	458	200
976	1140	976	1150	1016	1150	1016	1140	50
962	872	962	882	1002	882	1002	872	100
76	107	76	117	116	117	116	107	30
534	919	534	929	574	929	574	919	200
71	234	71	244	111	244	111	234	150
259	37	259	47	299	47	299	37	30
168	503	168	513	208	513	208	503	150
51	982	51	992	91	992	91	982	200
421	55	421	65	461	65	461	55	100
605	877	605	887	645	887	645	877	150
604	294	604	304	644	304	644	294	50
1021	539	1021	549	1061	549	1061	539	200
1128	549	1128	559	1168	559	1168	549	150
990	614	990	624	1030	624	1030	614	100
24	610	24	620	64	620	64	610	200
437	542	437	552	477	552	477	542	200
495	568	495	578	535	578	535	568	100
965	519	965	529	1005	529	1005	519	50
172	842	172	852	212	852	212	842	200
634	1084	634	1094	674	1094	674	1084	250
89	1044	89	1054	129	1054	129	1044	50
867	600	867	610	907	610	907	600	30
131	528	131	538	171	538	171	528	150
133	685	133	695	173	695	173	685	200
116	478	116	488	156	488	156	478	50
882	193	882	203	922	203	922	193	100
872	484	872	494	912	494	912	484	100
1080	281	1080	291	1120	291	1120	281	100
1044	1011	1044	1021	1084	1021	1084	1011	200
130	753	130	763	170	763	170	753	250
685	69	685	79	725	79	725	69	150
705	1154	705	1164	745	1164	745	1154	250
26	683	26	693	66	693	66	683	150
181	325	181	335	221	335	221	325	150
970	701	970	711	1010	711	1010	701	50
740	630	740	640	780	640	780	630	50
86	999	86	1009	126	1009	126	999	150
1128	1138	1128	1148	1168	1148	1168	1138	100
751	695	751	705	791	705	791	695	150
1022	1179	1022	1189	1062	1189	1062	1179	200
946	170	946	180	986	180	986	170	250
676	240	676	250	716	250	716	240	30
202	626	202	636	242	636	242	626	30
717	105	717	115	757	115	757	105	150
437	878	437	888	477	888	477	878	50
1118	656	1118	666	1158	666	1158	656	200
641	31	641	41	681	41	681	31	50
700	1042	700	1052	740	1052	740	1042	30
898	206	898	216	938	216	938	206	30
4	188	4	198	44	198	44	188	50
638	750	638	760	678	760	678	750	250
288	1063	288	1073	328	1073	328	1063	30
560	104	560	114	600	114	600	104	30
906	140	906	150	946	150	946	140	100
860	690	860	700	900	700	900	690	250
544	1115	544	1125	584	1125	584	1115	250
712	1125	712	1135	752	1135	752	1125	100
51	1178	51	1188	91	1188	91	1178	100
1085	686	1085	696	1125	696	1125	686	150
578	952	578	962	618	962	618	952	200
107	780	107	790	147	790	147	780	30
210	202	210	212	250	212	250	202	250
923	232	923	242	963	242	963	232	30
191	427	191	437	231	437	231	427	30
252	444	252	454	292	454	292	444	150
896	930	896	940	936	940	936	930	100
733	652	733	662	773	662	773	652	250
642	1009	642	1019	682	1019	682	1009	150
589	989	589	999	629	999	629	989	30
1038	147	1038	157	1078	157	1078	147	100
311	453	311	463	351	463	351	453	200
1027	198	1027	208	1067	208	1067	198	150
731	482	731	492	771	492	771	482	200
821	991	821	1001	861	1001	861	991	150
752	1147	752	1157	792	1157	792	1147	250
422	485	422	495	462	495	462	485	200
83	177	83	187	123	187	123	177	30
87	247	87	257	127	257	127	247	30
712	158	712	168	752	168	752	158	100
1000	180	1000	190	1040	190	1040	180	150
1003	904	1003	914	1043	914	1043	904	150
205	3	205	13	245	13	245	3	50
340	47	340	57	380	57	380	47	30
330	464	330	474	370	474	370	464	100
214	663	214	673	254	673	254	663	100
34	745	34	755	74	755	74	745	150
49	655	49	665	89	665	89	655	150
668	149	668	159	708	159	708	149	50
640	363	640	373	680	373	680	363	100
1003	638	1003	648	1043	648	1043	638	150
320	34	320	44	360	44	360	34	150
1087	732	1087	742	1127	742	1127	732	150
1092	498	1092	508	1132	508	1132	498	50
280	734	280	744	320	744	320	734	250
1158	562	1158	572	1198	572	1198	562	150
664	262	664	272	704	272	704	262	50
408	309	408	319	448	319	448	309	150
693	532	693	542	733	542	733	532	250
148	742	148	752	188	752	188	742	30
119	583	119	593	159	593	159	583	30
517	1181	517	1191	557	1191	557	1181	250
295	364	295	374	335	374	335	364	250
624	4	624	14	664	14	664	4	250
218	488	218	498	258	498	258	488	50
107	442	107	452	147	452	147	442	150
582	602	582	612	622	612	622	602	100
831	548	831	558	871	558	871	548	250
730	147	730	157	770	157	770	147	200
581	716	581	726	621	726	621	716	200
712	422	712	432	752	432	752	422	150
974	972	974	982	1014	982	1014	972	200
157	571	157	581	197	581	197	571	100
817	251	817	261	857	261	857	251	200
666	613	666	623	706	623	706	613	200
183	27	183	37	223	37	223	27	30
131	359	131	369	171	369	171	359	50
731	722	731	732	771	732	771	722	100
97	70	97	80	137	80	137	70	100
341	951	341	961	381	961	381	951	30
877	1151	877	1161	917	1161	917	1151	200
1124	22	1124	32	1164	32	1164	22	100
444	1119	444	1129	484	1129	484	1119	250
607	976	607	986	647	986	647	976	250
73	882	73	892	113	892	113	882	150
628	899	628	909	668	909	668	899	150
337	12	337	22	377	22	377	12	100
521	734	521	744	561	744	561	734	100
190	1087	190	1097	230	1097	230	1087	30
745	1056	745	1066	785	1066	785	1056	30
566	483	566	493	606	493	606	483	50
1124	1037	1124	1047	1164	1047	1164	1037	50
490	100	490	110	530	110	530	100	150
706	976	706	986	746	986	746	976	250
1061	239	1061	249	1101	249	1101	239	50
1129	9	1129	19	1169	19	1169	9	250
50	550	50	560	90	560	90	550	100
549	293	549	303	589	303	589	293	100
469	1142	469	1152	509	1152	509	1142	150
599	269	599	279	639	279	639	269	30
639	209	639	219	679	219	679	209	50
816	358	816	368	856	368	856	358	150
817	1084	817	1094	857	1094	857	1084	150
118	236	118	246	158	246	158	236	150
426	1184	426	1194	466	1194	466	1184	50
21	322	21	332	61	332	61	322	50
1100	468	1100	478	1140	478	1140	468	150
75	1128	75	1138	115	1138	115	1128	150
554	545	554	555	594	555	594	545	150
860	236	860	246	900	246	900	236	100
487	223	487	233	527	233	527	223	200
757	248	757	258	797	258	797	248	150
1046	463	1046	473	1086	473	1086	463	30
8	461	8	471	48	471	48	461	30
1047	358	1047	368	1087	368	1087	358	50
853	1102	853	1112	893	1112	893	1102	50
344	426	344	436	384	436	384	426	200
1107	226	1107	236	1147	236	1147	226	50
733	821	733	831	773	831	773	821	100
147	400	147	410	187	410	187	400	250
180	984	180	994	220	994	220	984	30
1071	871	1071	881	1111	881	1111	871	50
207	703	207	713	247	713	247	703	100
592	124	592	134	632	134	632	124	100
325	1097	325	1107	365	1107	365	1097	250
39	1022	39	1032	79	1032	79	1022	100
715	683	715	693	755	693	755	683	250
468	288	468	298	508	298	508	288	50
904	9	904	19	944	19	944	9	200
151	186	151	196	191	196	191	186	200
1091	1072	1091	1082	1131	1082	1131	1072	150
973	986	973	996	1013	996	1013	986	50
429	210	429	220	469	220	469	210	50
533	1140	533	1150	573	1150	573	1140	150
427	1148	427	1158	467	1158	467	1148	200
535	637	535	647	575	647	575	637	30
960	603	960	613	1000	613	1000	603	50
931	837	931	847	971	847	971	837	100
1006	404	1006	414	1046	414	1046	404	30
309	1114	309	1124	349	1124	349	1114	200
751	520	751	530	791	530	791	520	100
1002	76	1002	86	1042	86	1042	76	100
1065	852	1065	862	1105	862	1105	852	30
615	687	615	697	655	697	655	687	100
435	818	435	828	475	828	475	818	30
950	247	950	257	990	257	990	247	30
477	174	477	184	517	184	517	174	100
696	942	696	952	736	952	736	942	250
1009	782	1009	792	1049	792	1049	782	150
254	184	254	194	294	194	294	184	30
513	965	513	975	553	975	553	965	50
1146	145	1146	155	1186	155	1186	145	200
542	980	542	990	582	990	582	980	250
82	613	82	623	122	623	122	613	200
955	723	955	733	995	733	995	723	250
32	536	32	546	72	546	72	536	30
954	1037	954	1047	994	1047	994	1037	100
477	195	477	205	517	205	517	195	50
172	360	172	370	212	370	212	360	150
604	457	604	467	644	467	644	457	150
652	57	652	67	692	67	692	57	250
823	833	823	843	863	843	863	833	250
579	743	579	753	619	753	619	743	100
1110	522	1110	532	1150	532	1150	522	30
207	179	207	189	247	189	247	179	200
49	781	49	791	89	791	89	781	200
724	1179	724	1189	764	1189	764	1179	250
744	842	744	852	784	852	784	842	200
29	24	29	34	69	34	69	24	150
149	827	149	837	189	837	189	827	100
949	890	949	900	989	900	989	890	30
94	952	94	962	134	962	134	952	100
520	421	520	431	560	431	560	421	250
625	529	625	539	665	539	665	529	200
758	589	758	599	798	599	798	589	200
992	370	992	380	1032	380	1032	370	200
719	663	719	673	759	673	759	663	30
970	493	970	503	1010	503	1010	493	50
16	428	16	438	56	438	56	428	100
132	729	132	739	172	739	172	729	30
929	1172	929	1182	969	1182	969	1172	200
907	104	907	114	947	114	947	104	150
925	462	925	472	965	472	965	462	30
630	957	630	967	670	967	670	957	30
1074	192	1074	202	1114	202	1114	192	250
231	585	231	595	271	595	271	585	250
439	619	439	629	479	629	479	619	150
1036	694	1036	704	1076	704	1076	694	200
415	68	415	78	455	78	455	68	50
1113	329	1113	339	1153	339	1153	329	250
869	435	869	445	909	445	909	435	50
974	420	974	430	1014	430	1014	420	30
570	669	570	679	610	679	610	669	50
198	371	198	381	238	381	238	371	250
830	319	830	329	870	329	870	319	150
867	286	867	296	907	296	907	286	100
757	928	757	938	797	938	797	928	50
243	1076	243	1086	283	1086	283	1076	200
305	774	305	784	345	784	345	774	250
924	688	924	698	964	698	964	688	200
1136	856	1136	866	1176	866	1176	856	30
3	973	3	983	43	983	43	973	30
1003	1017	1003	1027	1043	1027	1043	1017	200
