1200	1200
0	814	0	800	1200	800	1200	814
0	400	0	386	1200	386	1200	400
386	1200	386	0	400	0	400	1200
800	1200	800	0	814	0	814	1200
622	606	622	616	662	616	662	606	50
244	680	244	690	284	690	284	680	200
1075	367	1075	377	1115	377	1115	367	200
53	1133	53	1143	93	1143	93	1133	30
932	517	932	527	972	527	972	517	30
43	1189	43	1199	83	1199	83	1189	30
974	376	974	386	1014	386	1014	376	50
156	597	156	607	196	607	196	597	200
1011	575	1011	585	1051	585	1051	575	250
648	864	648	874	688	874	688	864	250
1015	42	1015	52	1055	52	1055	42	30
903	725	903	735	943	735	943	725	200
535	1152	535	1162	575	1162	575	1152	50
748	438	748	448	788	448	788	438	100
425	53	425	63	465	63	465	53	50
99	332	99	342	139	342	139	332	50
961	92	961	102	1001	102	1001	92	150
292	1091	292	1101	332	1101	332	1091	100
529	706	529	716	569	716	569	706	100
1071	308	1071	318	1111	318	1111	308	100
138	1007	138	1017	178	1017	178	1007	100
1121	596	1121	606	1161	606	1161	596	100
637	221	637	231	677	231	677	221	200
202	1180	202	1190	242	1190	242	1180	30
893	61	893	71	933	71	933	61	200
402	558	402	568	442	568	442	558	50
1056	713	1056	723	1096	723	1096	713	150
964	336	964	346	1004	346	1004	336	100
242	921	242	931	282	931	282	921	100
59	73	59	83	99	83	99	73	250
1008	589	1008	599	1048	599	1048	589	150
685	1061	685	1071	725	1071	725	1061	100
1059	996	1059	1006	1099	1006	1099	996	100
1134	169	1134	179	1174	179	1174	169	200
881	470	881	480	921	480	921	470	100
606	941	606	951	646	951	646	941	200
450	687	450	697	490	697	490	687	150
146	1152	146	1162	186	1162	186	1152	200
1106	723	1106	733	1146	733	1146	723	200
128	3	128	13	168	13	168	3	200
1027	342	1027	352	1067	352	1067	342	30
1065	263	1065	273	1105	273	1105	263	250
747	1062	747	1072	787	1072	787	1062	30
685	25	685	35	725	35	725	25	250
943	20	943	30	983	30	983	20	30
1124	456	1124	466	1164	466	1164	456	100
486	1139	486	1149	526	1149	526	1139	150
520	1043	520	1053	560	1053	560	1043	50
643	69	643	79	683	79	683	69	50
912	117	912	127	952	127	952	117	250
1116	263	1116	273	1156	273	1156	263	200
1054	153	1054	163	1094	163	1094	153	100
1	20	1	30	41	30	41	20	100
97	915	97	925	137	925	137	915	100
886	1095	886	1105	926	1105	926	1095	100
266	1035	266	1045	306	1045	306	1035	50
284	151	284	161	324	161	324	151	30
1014	1145	1014	1155	1054	1155	1054	1145	250
855	1120	855	1130	895	1130	895	1120	50
405	736	405	746	445	746	445	736	250
402	193	402	203	442	203	442	193	200
844	827	844	837	884	837	884	827	150
909	755	909	765	949	765	949	755	250
479	1023	479	1033	519	1033	519	1023	150
687	421	687	431	727	431	727	421	200
747	952	747	962	787	962	787	952	50
994	885	994	895	1034	895	1034	885	250
612	365	612	375	652	375	652	365	250
344	8	344	18	384	18	384	8	50
726	659	726	669	766	669	766	659	100
1033	909	1033	919	1073	919	1073	909	100
97	993	97	1003	137	1003	137	993	30
83	539	83	549	123	549	123	539	30
650	329	650	339	690	339	690	329	250
720	1090	720	1100	760	1100	760	1090	50
207	408	207	418	247	418	247	408	100
702	994	702	1004	742	1004	742	994	50
407	863	407	873	447	873	447	863	100
88	213	88	223	128	223	128	213	30
77	762	77	772	117	772	117	762	150
670	933	670	943	710	943	710	933	30
183	526	183	536	223	536	223	526	50
663	102	663	112	703	112	703	102	100
890	852	890	862	930	862	930	852	150
151	644	151	654	191	654	191	644	200
756	1110	756	1120	796	1120	796	1110	150
107	369	107	379	147	379	147	369	200
1055	869	1055	879	1095	879	1095	869	50
991	760	991	770	1031	770	1031	760	200
655	1128	655	1138	695	1138	695	1128	250
156	327	156	337	196	337	196	327	150
1010	1100	1010	1110	1050	1110	1050	1100	100
299	659	299	669	339	669	339	659	150
216	605	216	615	256	615	256	605	250
865	158	865	168	905	168	905	158	50
1021	202	1021	212	1061	212	1061	202	50
218	39	218	49	258	49	258	39	200
675	1033	675	1043	715	1043	715	1033	100
330	830	330	840	370	840	370	830	200
1070	1178	1070	1188	1110	1188	1110	1178	150
108	976	108	986	148	986	148	976	100
903	350	903	360	943	360	943	350	250
954	780	954	790	994	790	994	780	100
855	1189	855	1199	895	1199	895	1189	200
329	203	329	213	369	213	369	203	100
461	247	461	257	501	257	501	247	50
826	972	826	982	866	982	866	972	250
430	1031	430	1041	470	1041	470	1031	100
490	622	490	632	530	632	530	622	30
558	107	558	117	598	117	598	107	50
588	1102	588	1112	628	1112	628	1102	250
87	1164	87	1174	127	1174	127	1164	30
185	61	185	71	225	71	225	61	100
953	1001	953	1011	993	1011	993	1001	100
850	12	850	22	890	22	890	12	50
826	660	826	670	866	670	866	660	50
514	1102	514	1112	554	1112	554	1102	30
1114	513	1114	523	1154	523	1154	513	50
694	257	694	267	734	267	734	257	150
313	335	313	345	353	345	353	335	50
489	676	489	686	529	686	529	676	100
604	1119	604	1129	644	1129	644	1119	50
893	1019	893	1029	933	1029	933	1019	150
501	203	501	213	541	213	541	203	200
457	722	457	732	497	732	497	722	50
1015	1033	1015	1043	1055	1043	1055	1033	50
670	554	670	564	710	564	710	554	150
411	316	411	326	451	326	451	316	50
954	282	954	292	994	292	994	282	200
413	298	413	308	453	308	453	298	150
446	1157	446	1167	486	1167	486	1157	250
984	190	984	200	1024	200	1024	190	100
464	174	464	184	504	184	504	174	250
48	944	48	954	88	954	88	944	50
410	585	410	595	450	595	450	585	200
470	761	470	771	510	771	510	761	250
109	576	109	586	149	586	149	576	50
1064	468	1064	478	1104	478	1104	468	100
76	689	76	699	116	699	116	689	250
599	148	599	158	639	158	639	148	250
322	578	322	588	362	588	362	578	100
158	84	158	94	198	94	198	84	200
936	495	936	505	976	505	976	495	250
410	1144	410	1154	450	1154	450	1144	50
1136	878	1136	888	1176	888	1176	878	50
123	409	123	419	163	419	163	409	30
248	128	248	138	288	138	288	128	50
517	14	517	24	557	24	557	14	30
1120	1184	1120	1194	1160	1194	1160	1184	150
578	1010	578	1020	618	1020	618	1010	200
654	130	654	140	694	140	694	130	200
815	127	815	137	855	137	855	127	50
418	30	418	40	458	40	458	30	200
122	477	122	487	162	487	162	477	200
539	277	539	287	579	287	579	277	100
845	759	845	769	885	769	885	759	150
272	516	272	526	312	526	312	516	100
76	24	76	34	116	34	116	24	50
31	140	31	150	71	150	71	140	200
637	998	637	1008	677	1008	677	998	150
1154	958	1154	968	1194	968	1194	958	150
66	885	66	895	106	895	106	885	150
1146	309	1146	319	1186	319	1186	309	150
1082	741	1082	751	1122	751	1122	741	200
891	15	891	25	931	25	931	15	250
542	627	542	637	582	637	582	627	30
46	170	46	180	86	180	86	170	30
1158	998	1158	1008	1198	1008	1198	998	50
644	181	644	191	684	191	684	181	150
1074	82	1074	92	1114	92	1114	82	100
252	758	252	768	292	768	292	758	30
513	1059	513	1069	553	1069	553	1059	150
689	913	689	923	729	923	729	913	30
337	919	337	929	377	929	377	919	50
94	1066	94	1076	134	1076	134	1066	250
216	565	216	575	256	575	256	565	100
22	918	22	928	62	928	62	918	200
678	893	678	903	718	903	718	893	100
830	946	830	956	870	956	870	946	250
1096	38	1096	48	1136	48	1136	38	250
102	750	102	760	142	760	142	750	100
38	327	38	337	78	337	78	327	150
49	290	49	300	89	300	89	290	200
417	846	417	856	457	856	457	846	30
920	1177	920	1187	960	1187	960	1177	30
433	1179	433	1189	473	1189	473	1179	30
544	857	544	867	584	867	584	857	50
472	364	472	374	512	374	512	364	50
71	1144	71	1154	111	1154	111	1144	200
1080	101	1080	111	1120	111	1120	101	250
88	1045	88	1055	128	1055	128	1045	50
819	642	819	652	859	652	859	642	50
220	898	220	908	260	908	260	898	30
595	759	595	769	635	769	635	759	30
509	538	509	548	549	548	549	538	50
1116	691	1116	701	1156	701	1156	691	100
180	288	180	298	220	298	220	288	30
657	1168	657	1178	697	1178	697	1168	100
751	1121	751	1131	791	1131	791	1121	250
1021	298	1021	308	1061	308	1061	298	50
834	874	834	884	874	884	874	874	50
980	315	980	325	1020	325	1020	315	150
473	67	473	77	513	77	513	67	30
518	916	518	926	558	926	558	916	150
830	257	830	267	870	267	870	257	200
450	934	450	944	490	944	490	934	50
628	920	628	930	668	930	668	920	50
198	244	198	254	238	254	238	244	100
223	115	223	125	263	125	263	115	30
568	74	568	84	608	84	608	74	150
918	1071	918	1081	958	1081	958	1071	50
961	901	961	911	1001	911	1001	901	50
321	310	321	320	361	320	361	310	50
284	213	284	223	324	223	324	213	30
514	765	514	775	554	775	554	765	50
405	953	405	963	445	963	445	953	50
1025	22	1025	32	1065	32	1065	22	150
203	585	203	595	243	595	243	585	100
69	704	69	714	109	714	109	704	100
266	848	266	858	306	858	306	848	200
269	38	269	48	309	48	309	38	30
921	663	921	673	961	673	961	663	150
756	488	756	498	796	498	796	488	250
540	298	540	308	580	308	580	298	150
892	50	892	60	932	60	932	50	30
677	7	677	17	717	17	717	7	150
151	425	151	435	191	435	191	425	50
472	847	472	857	512	857	512	847	100
122	1029	122	1039	162	1039	162	1029	200
1130	1144	1130	1154	1170	1154	1170	1144	30
430	224	430	234	470	234	470	224	50
503	662	503	672	543	672	543	662	50
483	139	483	149	523	149	523	139	50
540	727	540	737	580	737	580	727	150
999	689	999	699	1039	699	1039	689	100
539	45	539	55	579	55	579	45	30
1062	220	1062	230	1102	230	1102	220	250
975	638	975	648	1015	648	1015	638	250
849	525	849	535	889	535	889	525	30
755	451	755	461	795	461	795	451	50
569	475	569	485	609	485	609	475	250
900	621	900	631	940	631	940	621	50
453	1112	453	1122	493	1122	493	1112	30
331	470	331	480	371	480	371	470	150
21	95	21	105	61	105	61	95	150
5	589	5	599	45	599	45	589	50
634	1102	634	1112	674	1112	674	1102	150
674	600	674	610	714	610	714	600	100
922	687	922	697	962	697	962	687	100
684	877	684	887	724	887	724	877	150
1010	222	1010	232	1050	232	1050	222	30
818	989	818	999	858	999	858	989	200
10	716	10	726	50	726	50	716	150
951	427	951	437	991	437	991	427	50
415	350	415	360	455	360	455	350	150
1068	130	1068	140	1108	140	1108	130	250
30	106	30	116	70	116	70	106	100
623	717	623	727	663	727	663	717	150
518	739	518	749	558	749	558	739	100
321	1008	321	1018	361	1018	361	1008	150
204	459	204	469	244	469	244	459	30
818	688	818	698	858	698	858	688	30
119	102	119	112	159	112	159	102	100
1110	202	1110	212	1150	212	1150	202	200
685	833	685	843	725	843	725	833	50
548	658	548	668	588	668	588	658	150
497	1168	497	1178	537	1178	537	1168	50
1143	241	1143	251	1183	251	1183	241	250
104	153	104	163	144	163	144	153	50
48	522	48	532	88	532	88	522	100
610	530	610	540	650	540	650	530	30
146	160	146	170	186	170	186	160	30
547	1077	547	1087	587	1087	587	1077	50
443	639	443	649	483	649	483	639	250
203	946	203	956	243	956	243	946	30
65	899	65	909	105	909	105	899	250
276	459	276	469	316	469	316	459	200
117	497	117	507	157	507	157	497	30
19	119	19	129	59	129	59	119	30
109	291	109	301	149	301	149	291	50
725	306	725	316	765	316	765	306	30
217	23	217	33	257	33	257	23	30
1014	405	1014	415	1054	415	1054	405	100
242	1107	242	1117	282	1117	282	1107	250
528	590	528	600	568	600	568	590	150
567	313	567	323	607	323	607	313	100
166	109	166	119	206	119	206	109	100
1123	890	1123	900	1163	900	1163	890	200
632	464	632	474	672	474	672	464	30
882	712	882	722	922	722	922	712	50
266	776	266	786	306	786	306	776	200
827	1151	827	1161	867	1161	867	1151	150
1014	728	1014	738	1054	738	1054	728	30
401	64	401	74	441	74	441	64	30
1059	356	1059	366	1099	366	1099	356	50
345	1023	345	1033	385	1033	385	1023	150
908	455	908	465	948	465	948	455	30
215	213	215	223	255	223	255	213	200
63	575	63	585	103	585	103	575	30
495	1008	495	1018	535	1018	535	1008	100
276	821	276	831	316	831	316	821	150
830	364	830	374	870	374	870	364	200
323	977	323	987	363	987	363	977	150
1144	554	1144	564	1184	564	1184	554	30
64	226	64	236	104	236	104	226	200
256	650	256	660	296	660	296	650	100
624	775	624	785	664	785	664	775	100
1043	928	1043	938	1083	938	1083	928	100
413	281	413	291	453	291	453	281	250
822	168	822	178	862	178	862	168	100
531	351	531	361	571	361	571	351	150
842	325	842	335	882	335	882	325	200
1158	756	1158	766	1198	766	1198	756	200
184	1107	184	1117	224	1117	224	1107	250
831	198	831	208	871	208	871	198	30
600	508	600	518	640	518	640	508	250
454	270	454	280	494	280	494	270	30
459	829	459	839	499	839	499	829	250
339	148	339	158	379	158	379	148	30
713	854	713	864	753	864	753	854	100
1040	761	1040	771	1080	771	1080	761	50
843	1061	843	1071	883	1071	883	1061	100
708	690	708	700	748	700	748	690	200
303	1135	303	1145	343	1145	343	1135	100
756	259	756	269	796	269	796	259	250
1143	642	1143	652	1183	652	1183	642	250
306	187	306	197	346	197	346	187	250
214	197	214	207	254	207	254	197	250
1119	12	1119	22	1159	22	1159	12	200
1153	430	1153	440	1193	440	1193	430	200
227	538	227	548	267	548	267	538	100
658	576	658	586	698	586	698	576	30
573	30	573	40	613	40	613	30	30
129	896	129	906	169	906	169	896	200
564	463	564	473	604	473	604	463	250
1120	1059	1120	1069	1160	1069	1160	1059	150
567	199	567	209	607	209	607	199	250
402	530	402	540	442	540	442	530	250
744	360	744	370	784	370	784	360	50
424	439	424	449	464	449	464	439	200
55	657	55	667	95	667	95	657	30
234	302	234	312	274	312	274	302	50
279	707	279	717	319	717	319	707	50
638	491	638	501	678	501	678	491	200
997	1164	997	1174	1037	1174	1037	1164	150
113	463	113	473	153	473	153	463	30
207	146	207	156	247	156	247	146	200
895	274	895	284	935	284	935	274	150
861	415	861	425	901	425	901	415	50
253	225	253	235	293	235	293	225	100
257	1054	257	1064	297	1064	297	1054	100
575	822	575	832	615	832	615	822	100
307	739	307	749	347	749	347	739	100
578	452	578	462	618	462	618	452	100
150	273	150	283	190	283	190	273	30
3	251	3	261	43	261	43	251	150
620	626	620	636	660	636	660	626	30
460	296	460	306	500	306	500	296	150
268	400	268	410	308	410	308	400	200
569	1185	569	1195	609	1195	609	1185	150
294	1113	294	1123	334	1123	334	1113	50
523	829	523	839	563	839	563	829	50
1068	506	1068	516	1108	516	1108	506	100
827	60	827	70	867	70	867	60	100
1062	783	1062	793	1102	793	1102	783	150
1094	1093	1094	1103	1134	1103	1134	1093	30
933	412	933	422	973	422	973	412	50
217	267	217	277	257	277	257	267	30
314	726	314	736	354	736	354	726	200
538	524	538	534	578	534	578	524	30
1056	856	1056	866	1096	866	1096	856	100
818	747	818	757	858	757	858	747	30
1152	849	1152	859	1192	859	1192	849	30
690	451	690	461	730	461	730	451	30
1001	652	1001	662	1041	662	1041	652	50
606	1083	606	1093	646	1093	646	1083	200
172	619	172	629	212	629	212	619	200
156	136	156	146	196	146	196	136	250
1145	62	1145	72	1185	72	1185	62	150
149	313	149	323	189	323	189	313	100
949	719	949	729	989	729	989	719	100
257	1185	257	1195	297	1195	297	1185	50
603	1149	603	1159	643	1159	643	1149	30
658	359	658	369	698	369	698	359	100
420	980	420	990	460	990	460	980	150
340	1117	340	1127	380	1127	380	1117	150
940	596	940	606	980	606	980	596	30
1122	912	1122	922	1162	922	1162	912	150
577	601	577	611	617	611	617	601	150
468	477	468	487	508	487	508	477	100
229	329	229	339	269	339	269	329	150
957	161	957	171	997	171	997	161	200
851	237	851	247	891	247	891	237	100
971	466	971	476	1011	476	1011	466	150
636	542	636	552	676	552	676	542	100
406	163	406	173	446	173	446	163	150
490	648	490	658	530	658	530	648	30
78	961	78	971	118	971	118	961	100
553	422	553	432	593	432	593	422	250
13	957	13	967	53	967	53	957	200
3	1084	3	1094	43	1094	43	1084	150
443	376	443	386	483	386	483	376	100
719	167	719	177	759	177	759	167	30
816	506	816	516	856	516	856	506	50
753	766	753	776	793	776	793	766	250
824	71	824	81	864	81	864	71	250
287	672	287	682	327	682	327	672	150
986	843	986	853	1026	853	1026	843	200
103	263	103	273	143	273	143	263	50
264	422	264	432	304	432	304	422	100
1023	2	1023	12	1063	12	1063	2	200
888	310	888	320	928	320	928	310	50
701	1022	701	1032	741	1032	741	1022	50
277	74	277	84	317	84	317	74	100
711	1167	711	1177	751	1177	751	1167	100
1011	163	1011	173	1051	173	1051	163	150
1111	1011	1111	1021	1151	1021	1151	1011	200
23	857	23	867	63	867	63	857	200
203	653	203	663	243	663	243	653	250
1012	1187	1012	1197	1052	1197	1052	1187	30
856	289	856	299	896	299	896	289	50
470	156	470	166	510	166	510	156	200
678	49	678	59	718	59	718	49	250
651	764	651	774	691	774	691	764	100
1124	376	1124	386	1164	386	1164	376	50
467	324	467	334	507	334	507	324	100
1132	1117	1132	1127	1172	1127	1172	1117	250
41	779	41	789	81	789	81	779	50
1016	1013	1016	1023	1056	1023	1056	1013	50
503	375	503	385	543	385	543	375	50
637	689	637	699	677	699	677	689	100
513	83	513	93	553	93	553	83	100
194	957	194	967	234	967	234	957	50
958	529	958	539	998	539	998	529	50
509	881	509	891	549	891	549	881	200
947	936	947	946	987	946	987	936	250
1137	412	1137	422	1177	422	1177	412	150
128	1177	128	1187	168	1187	168	1177	200
229	864	229	874	269	874	269	864	250
640	1044	640	1054	680	1054	680	1044	100
44	731	44	741	84	741	84	731	30
884	911	884	921	924	921	924	911	150
536	59	536	69	576	69	576	59	200
627	904	627	914	667	914	667	904	50
1148	938	1148	948	1188	948	1188	938	200
217	1083	217	1093	257	1093	257	1083	100
962	1060	962	1070	1002	1070	1002	1060	250
1023	75	1023	85	1063	85	1063	75	30
582	1131	582	1141	622	1141	622	1131	150
1156	80	1156	90	1196	90	1196	80	50
951	1134	951	1144	991	1144	991	1134	200
873	986	873	996	913	996	913	986	30
80	306	80	316	120	316	120	306	100
331	860	331	870	371	870	371	860	30
171	439	171	449	211	449	211	439	100
1127	837	1127	847	1167	847	1167	837	30
15	704	15	714	55	714	55	704	200
292	351	292	361	332	361	332	351	30
685	1107	685	1117	725	1117	725	1107	30
978	976	978	986	1018	986	1018	976	250
124	694	124	704	164	704	164	694	250
210	1159	210	1169	250	1169	250	1159	100
887	544	887	554	927	554	927	544	200
216	422	216	432	256	432	256	422	200
933	38	933	48	973	48	973	38	30
185	358	185	368	225	368	225	358	100
79	626	79	636	119	636	119	626	200
317	52	317	62	357	62	357	52	250
962	253	962	263	1002	263	1002	253	30
740	898	740	908	780	908	780	898	150
67	445	67	455	107	455	107	445	30
23	1112	23	1122	63	1122	63	1112	150
832	732	832	742	872	742	872	732	100
192	724	192	734	232	734	232	724	150
203	163	203	173	243	173	243	163	30
1148	719	1148	729	1188	729	1188	719	50
283	995	283	1005	323	1005	323	995	100
267	441	267	451	307	451	307	441	30
252	739	252	749	292	749	292	739	100
663	156	663	166	703	166	703	156	250
903	958	903	968	943	968	943	958	30
527	695	527	705	567	705	567	695	30
860	215	860	225	900	225	900	215	150
1091	1107	1091	1117	1131	1117	1131	1107	200
1148	926	1148	936	1188	936	1188	926	150
881	99	881	109	921	109	921	99	100
612	1176	612	1186	652	1186	652	1176	200
693	976	693	986	733	986	733	976	150
161	741	161	751	201	751	201	741	250
739	327	739	337	779	337	779	327	100
265	1154	265	1164	305	1164	305	1154	250
939	68	939	78	979	78	979	68	30
1089	938	1089	948	1129	948	1129	938	200
47	822	47	832	87	832	87	822	30
421	131	421	141	461	141	461	131	150
410	101	410	111	450	111	450	101	30
496	516	496	526	536	526	536	516	50
479	125	479	135	519	135	519	125	200
563	489	563	499	603	499	603	489	30
59	719	59	729	99	729	99	719	50
1151	93	1151	103	1191	103	1191	93	150
180	302	180	312	220	312	220	302	100
171	994	171	1004	211	1004	211	994	200
4	671	4	681	44	681	44	671	200
607	854	607	864	647	864	647	854	50
99	59	99	69	139	69	139	59	30
898	368	898	378	938	378	938	368	100
702	492	702	502	742	502	742	492	200
1050	532	1050	542	1090	542	1090	532	100
1078	295	1078	305	1118	305	1118	295	200
755	103	755	113	795	113	795	103	200
174	1050	174	1060	214	1060	214	1050	50
950	442	950	452	990	452	990	442	30
35	194	35	204	75	204	75	194	100
107	926	107	936	147	936	147	926	50
1099	493	1099	503	1139	503	1139	493	50
462	402	462	412	502	412	502	402	100
992	600	992	610	1032	610	1032	600	50
456	421	456	431	496	431	496	421	50
979	481	979	491	1019	491	1019	481	50
560	919	560	929	600	929	600	919	200
85	1103	85	1113	125	1113	125	1103	100
554	751	554	761	594	761	594	751	100
134	1101	134	1111	174	1111	174	1101	100
28	745	28	755	68	755	68	745	250
721	543	721	553	761	553	761	543	50
720	671	720	681	760	681	760	671	250
1141	222	1141	232	1181	232	1181	222	150
933	1038	933	1048	973	1048	973	1038	30
1080	49	1080	59	1120	59	1120	49	100
409	510	409	520	449	520	449	510	250
1076	658	1076	668	1116	668	1116	658	50
171	1031	171	1041	211	1041	211	1031	30
826	139	826	149	866	149	866	139	100
459	353	459	363	499	363	499	353	200
17	1145	17	1155	57	1155	57	1145	150
760	34	760	44	800	44	800	34	150
1034	621	1034	631	1074	631	1074	621	200
199	823	199	833	239	833	239	823	150
878	865	878	875	918	875	918	865	100
201	126	201	136	241	136	241	126	50
324	442	324	452	364	452	364	442	30
417	1042	417	1052	457	1052	457	1042	150
136	948	136	958	176	958	176	948	200
76	560	76	570	116	570	116	560	100
425	618	425	628	465	628	465	618	50
902	936	902	946	942	946	942	936	150
329	881	329	891	369	891	369	881	150
71	600	71	610	111	610	111	600	100
563	945	563	955	603	955	603	945	150
255	192	255	202	295	202	295	192	100
433	596	433	606	473	606	473	596	250
189	505	189	515	229	515	229	505	250
443	964	443	974	483	974	483	964	50
7	876	7	886	47	886	47	876	200
321	527	321	537	361	537	361	527	150
627	116	627	126	667	126	667	116	250
78	1032	78	1042	118	1042	118	1032	150
204	753	204	763	244	763	244	753	200
642	312	642	322	682	322	682	312	50
466	90	466	100	506	100	506	90	30
1007	823	1007	833	1047	833	1047	823	50
300	324	300	334	340	334	340	324	150
286	545	286	555	326	555	326	545	100
176	36	176	46	216	46	216	36	250
719	747	719	757	759	757	759	747	150
1110	274	1110	284	1150	284	1150	274	30
425	1070	425	1080	465	1080	465	1070	250
527	973	527	983	567	983	567	973	50
20	216	20	226	60	226	60	216	50
1059	433	1059	443	1099	443	1099	433	100
656	789	656	799	696	799	696	789	100
4	998	4	1008	44	1008	44	998	30
1083	1033	1083	1043	1123	1043	1123	1033	50
500	569	500	579	540	579	540	569	100
8	689	8	699	48	699	48	689	30
126	442	126	452	166	452	166	442	200
636	419	636	429	676	429	676	419	30
1138	625	1138	635	1178	635	1178	625	150
229	707	229	717	269	717	269	707	50
830	1000	830	1010	870	1010	870	1000	100
12	1164	12	1174	52	1174	52	1164	150
1003	1052	1003	1062	1043	1062	1043	1052	50
137	200	137	210	177	210	177	200	50
1060	1009	1060	1019	1100	1019	1100	1009	150
691	401	691	411	731	411	731	401	250
545	571	545	581	585	581	585	571	150
330	1157	330	1167	370	1167	370	1157	250
1012	1114	1012	1124	1052	1124	1052	1114	250
732	527	732	537	772	537	772	527	200
346	36	346	46	386	46	386	36	250
913	674	913	684	953	684	953	674	30
1074	16	1074	26	1114	26	1114	16	100
290	556	290	566	330	566	330	556	30
272	951	272	961	312	961	312	951	150
223	972	223	982	263	982	263	972	250
660	949	660	959	700	959	700	949	30
993	1129	993	1139	1033	1139	1033	1129	100
1017	744	1017	754	1057	754	1057	744	30
408	774	408	784	448	784	448	774	200
185	1131	185	1141	225	1141	225	1131	200
614	584	614	594	654	594	654	584	50
903	1147	903	1157	943	1157	943	1147	250
990	174	990	184	1030	184	1030	174	50
913	814	913	824	953	824	953	814	50
1156	349	1156	359	1196	359	1196	349	250
720	559	720	569	760	569	760	559	150
814	1019	814	1029	854	1029	854	1019	200
123	655	123	665	163	665	163	655	250
5	1018	5	1028	45	1028	45	1018	200
244	623	244	633	284	633	284	623	150
91	587	91	597	131	597	131	587	250
322	764	322	774	362	774	362	764	150
986	562	986	572	1026	572	1026	562	200
597	169	597	179	637	179	637	169	50
156	788	156	798	196	798	196	788	50
752	716	752	726	792	726	792	716	250
4	281	4	291	44	291	44	281	150
1122	817	1122	827	1162	827	1162	817	30
831	712	831	722	871	722	871	712	200
1143	326	1143	336	1183	336	1183	326	250
822	598	822	608	862	608	862	598	150
185	850	185	860	225	860	225	850	250
138	1071	138	1081	178	1081	178	1071	250
1090	1022	1090	1032	1130	1032	1130	1022	150
169	674	169	684	209	684	209	674	50
606	1062	606	1072	646	1072	646	1062	100
269	878	269	888	309	888	309	878	30
832	895	832	905	872	905	872	895	150
108	881	108	891	148	891	148	881	30
859	624	859	634	899	634	899	624	250
816	184	816	194	856	194	856	184	150
223	72	223	82	263	82	263	72	150
714	244	714	254	754	254	754	244	100
639	256	639	266	679	266	679	256	100
697	588	697	598	737	598	737	588	150
558	260	558	270	598	270	598	260	30
544	374	544	384	584	384	584	374	250
126	565	126	575	166	575	166	565	250
665	844	665	854	705	854	705	844	150
1149	1157	1149	1167	1189	1167	1189	1157	30
139	1163	139	1173	179	1173	179	1163	200
125	1135	125	1145	165	1145	165	1135	30
613	94	613	104	653	104	653	94	50
537	779	537	789	577	789	577	779	100
629	430	629	440	669	440	669	430	30
307	165	307	175	347	175	347	165	250
716	274	716	284	756	284	756	274	100
978	670	978	680	1018	680	1018	670	150
1084	670	1084	680	1124	680	1124	670	50
509	1127	509	1137	549	1137	549	1127	30
615	27	615	37	655	37	655	27	150
653	142	653	152	693	152	693	142	150
129	616	129	626	169	626	169	616	30
467	439	467	449	507	449	507	439	100
896	183	896	193	936	193	936	183	250
684	647	684	657	724	657	724	647	50
8	458	8	468	48	468	48	458	150
815	44	815	54	855	54	855	44	30
288	892	288	902	328	902	328	892	200
619	16	619	26	659	26	659	16	150
1040	1161	1040	1171	1080	1171	1080	1161	100
414	667	414	677	454	677	454	667	250
979	118	979	128	1019	128	1019	118	200
1100	321	1100	331	1140	331	1140	321	200
680	215	680	225	720	225	720	215	200
937	6	937	16	977	16	977	6	250
867	699	867	709	907	709	907	699	250
1093	1133	1093	1143	1133	1143	1133	1133	250
459	500	459	510	499	510	499	500	150
148	1119	148	1129	188	1129	188	1119	30
918	886	918	896	958	896	958	886	200
404	427	404	437	444	437	444	427	100
759	1047	759	1057	799	1057	799	1047	150
1069	582	1069	592	1109	592	1109	582	150
1157	1172	1157	1182	1197	1182	1197	1172	150
847	272	847	282	887	282	887	272	30
103	829	103	839	143	839	143	829	50
1068	844	1068	854	1108	854	1108	844	150
483	1085	483	1095	523	1095	523	1085	200
33	841	33	851	73	851	73	841	30
217	492	217	502	257	502	257	492	100
901	900	901	910	941	910	941	900	50
1139	191	1139	201	1179	201	1179	191	100
410	9	410	19	450	19	450	9	200
571	248	571	258	611	258	611	248	150
