1200	1200
0	814	0	800	1200	800	1200	814
0	400	0	386	1200	386	1200	400
386	1200	386	0	400	0	400	1200
800	1200	800	0	814	0	814	1200
1024	991	1024	1001	1064	1001	1064	991	30
484	31	484	41	524	41	524	31	50
829	1017	829	1027	869	1027	869	1017	150
523	512	523	522	563	522	563	512	200
21	332	21	342	61	342	61	332	100
80	739	80	749	120	749	120	739	200
234	496	234	506	274	506	274	496	250
234	1043	234	1053	274	1053	274	1043	30
509	455	509	465	549	465	549	455	50
316	924	316	934	356	934	356	924	100
44	33	44	43	84	43	84	33	200
935	306	935	316	975	316	975	306	50
423	750	423	760	463	760	463	750	250
919	572	919	582	959	582	959	572	30
974	1086	974	1096	1014	1096	1014	1086	30
44	17	44	27	84	27	84	17	200
652	1008	652	1018	692	1018	692	1008	100
879	455	879	465	919	465	919	455	50
164	895	164	905	204	905	204	895	200
1150	1059	1150	1069	1190	1069	1190	1059	250
82	632	82	642	122	642	122	632	100
233	1188	233	1198	273	1198	273	1188	200
622	900	622	910	662	910	662	900	250
41	136	41	146	81	146	81	136	50
972	1027	972	1037	1012	1037	1012	1027	50
911	202	911	212	951	212	951	202	150
579	266	579	276	619	276	619	266	250
297	597	297	607	337	607	337	597	250
957	956	957	966	997	966	997	956	30
280	1189	280	1199	320	1199	320	1189	30
173	70	173	80	213	80	213	70	250
345	871	345	881	385	881	385	871	100
1044	642	1044	652	1084	652	1084	642	250
325	715	325	725	365	725	365	715	250
1008	752	1008	762	1048	762	1048	752	200
246	870	246	880	286	880	286	870	30
583	571	583	581	623	581	623	571	50
286	745	286	755	326	755	326	745	250
62	285	62	295	102	295	102	285	30
700	558	700	568	740	568	740	558	100
417	982	417	992	457	992	457	982	150
626	134	626	144	666	144	666	134	200
220	675	220	685	260	685	260	675	200
11	205	11	215	51	215	51	205	100
2	883	2	893	42	893	42	883	250
286	47	286	57	326	57	326	47	50
623	695	623	705	663	705	663	695	100
167	1065	167	1075	207	1075	207	1065	50
576	428	576	438	616	438	616	428	30
658	428	658	438	698	438	698	428	150
544	1052	544	1062	584	1062	584	1052	100
581	196	581	206	621	206	621	196	30
337	585	337	595	377	595	377	585	100
1141	510	1141	520	1181	520	1181	510	50
820	962	820	972	860	972	860	962	100
218	1062	218	1072	258	1072	258	1062	30
699	595	699	605	739	605	739	595	100
210	246	210	256	250	256	250	246	30
274	461	274	471	314	471	314	461	200
1105	469	1105	479	1145	479	1145	469	250
439	970	439	980	479	980	479	970	250
970	408	970	418	1010	418	1010	408	150
99	595	99	605	139	605	139	595	100
339	968	339	978	379	978	379	968	250
719	690	719	700	759	700	759	690	250
683	1025	683	1035	723	1035	723	1025	250
341	213	341	223	381	223	381	213	150
1087	696	1087	706	1127	706	1127	696	100
857	492	857	502	897	502	897	492	30
85	78	85	88	125	88	125	78	200
540	744	540	754	580	754	580	744	200
978	131	978	141	1018	141	1018	131	100
895	62	895	72	935	72	935	62	150
1058	776	1058	786	1098	786	1098	776	200
47	844	47	854	87	854	87	844	50
588	1002	588	1012	628	1012	628	1002	30
419	86	419	96	459	96	459	86	150
1110	330	1110	340	1150	340	1150	330	250
256	765	256	775	296	775	296	765	50
719	1012	719	1022	759	1022	759	1012	200
615	1062	615	1072	655	1072	655	1062	250
103	408	103	418	143	418	143	408	30
84	255	84	265	124	265	124	255	200
5	609	5	619	45	619	45	609	30
489	759	489	769	529	769	529	759	200
671	490	671	500	711	500	711	490	250
751	271	751	281	791	281	791	271	50
673	644	673	654	713	654	713	644	30
1139	1138	1139	1148	1179	1148	1179	1138	150
432	883	432	893	472	893	472	883	50
836	218	836	228	876	228	876	218	150
161	171	161	181	201	181	201	171	100
37	686	37	696	77	696	77	686	100
717	325	717	335	757	335	757	325	250
817	784	817	794	857	794	857	784	50
508	926	508	936	548	936	548	926	150
3	73	3	83	43	83	43	73	250
144	1103	144	1113	184	1113	184	1103	250
438	62	438	72	478	72	478	62	100
1027	1052	1027	1062	1067	1062	1067	1052	200
746	557	746	567	786	567	786	557	200
1128	105	1128	115	1168	115	1168	105	250
97	369	97	379	137	379	137	369	150
1004	333	1004	343	1044	343	1044	333	150
282	537	282	547	322	547	322	537	50
447	717	447	727	487	727	487	717	30
441	861	441	871	481	871	481	861	250
1020	361	1020	371	1060	371	1060	361	30
439	261	439	271	479	271	479	261	100
862	684	862	694	902	694	902	684	250
884	1128	884	1138	924	1138	924	1128	50
334	8	334	18	374	18	374	8	200
1008	848	1008	858	1048	858	1048	848	250
302	903	302	913	342	913	342	903	150
285	187	285	197	325	197	325	187	200
541	997	541	1007	581	1007	581	997	100
470	372	470	382	510	382	510	372	250
1077	1171	1077	1181	1117	1181	1117	1171	150
487	137	487	147	527	147	527	137	150
1058	154	1058	164	1098	164	1098	154	150
974	645	974	655	1014	655	1014	645	200
682	40	682	50	722	50	722	40	50
345	1186	345	1196	385	1196	385	1186	200
870	507	870	517	910	517	910	507	100
711	2	711	12	751	12	751	2	50
743	47	743	57	783	57	783	47	250
1042	434	1042	444	1082	444	1082	434	200
753	488	753	498	793	498	793	488	100
36	240	36	250	76	250	76	240	100
317	488	317	498	357	498	357	488	150
151	131	151	141	191	141	191	131	250
835	1074	835	1084	875	1084	875	1074	30
465	538	465	548	505	548	505	538	200
1121	1076	1121	1086	1161	1086	1161	1076	250
303	427	303	437	343	437	343	427	150
461	160	461	170	501	170	501	160	250
719	468	719	478	759	478	759	468	100
614	181	614	191	654	191	654	181	250
337	765	337	775	377	775	377	765	200
595	660	595	670	635	670	635	660	50
568	172	568	182	608	182	608	172	200
194	558	194	568	234	568	234	558	250
1045	488	1045	498	1085	498	1085	488	150
700	137	700	147	740	147	740	137	250
223	1125	223	1135	263	1135	263	1125	100
525	714	525	724	565	724	565	714	50
1043	458	1043	468	1083	468	1083	458	100
845	321	845	331	885	331	885	321	200
1017	227	1017	237	1057	237	1057	227	250
262	1104	262	1114	302	1114	302	1104	100
188	1171	188	1181	228	1181	228	1171	50
866	97	866	107	906	107	906	97	250
1125	532	1125	542	1165	542	1165	532	250
32	438	32	448	72	448	72	438	100
1148	881	1148	891	1188	891	1188	881	150
618	980	618	990	658	990	658	980	30
1070	280	1070	290	1110	290	1110	280	100
322	243	322	253	362	253	362	243	100
1128	586	1128	596	1168	596	1168	586	250
1020	948	1020	958	1060	958	1060	948	50
1065	358	1065	368	1105	368	1105	358	50
646	246	646	256	686	256	686	246	150
106	970	106	980	146	980	146	970	250
157	507	157	517	197	517	197	507	250
851	241	851	251	891	251	891	241	150
441	145	441	155	481	155	481	145	100
1095	838	1095	848	1135	848	1135	838	50
823	718	823	728	863	728	863	718	50
213	457	213	467	253	467	253	457	250
218	267	218	277	258	277	258	267	150
553	983	553	993	593	993	593	983	250
700	309	700	319	740	319	740	309	250
988	591	988	601	1028	601	1028	591	100
198	769	198	779	238	779	238	769	50
22	972	22	982	62	982	62	972	50
887	710	887	720	927	720	927	710	150
482	1048	482	1058	522	1058	522	1048	30
439	610	439	620	479	620	479	610	100
170	20	170	30	210	30	210	20	150
1106	365	1106	375	1146	375	1146	365	200
985	304	985	314	1025	314	1025	304	50
22	482	22	492	62	492	62	482	250
260	402	260	412	300	412	300	402	100
748	932	748	942	788	942	788	932	30
344	840	344	850	384	850	384	840	150
341	289	341	299	381	299	381	289	30
973	1129	973	1139	1013	1139	1013	1129	100
206	852	206	862	246	862	246	852	100
1055	540	1055	550	1095	550	1095	540	200
272	849	272	859	312	859	312	849	100
63	49	63	59	103	59	103	49	250
62	1020	62	1030	102	1030	102	1020	100
76	426	76	436	116	436	116	426	150
758	902	758	912	798	912	798	902	30
35	529	35	539	75	539	75	529	50
675	908	675	918	715	918	715	908	200
674	98	674	108	714	108	714	98	250
862	824	862	834	902	834	902	824	150
446	524	446	534	486	534	486	524	50
267	518	267	528	307	528	307	518	100
503	915	503	925	543	925	543	915	50
198	294	198	304	238	304	238	294	50
1153	763	1153	773	1193	773	1193	763	200
1041	13	1041	23	1081	23	1081	13	100
556	458	556	468	596	468	596	458	50
204	39	204	49	244	49	244	39	200
876	844	876	854	916	854	916	844	50
821	633	821	643	861	643	861	633	200
79	449	79	459	119	459	119	449	250
4	62	4	72	44	72	44	62	250
639	1109	639	1119	679	1119	679	1109	250
16	403	16	413	56	413	56	403	200
522	252	522	262	562	262	562	252	200
597	843	597	853	637	853	637	843	100
835	759	835	769	875	769	875	759	50
599	366	599	376	639	376	639	366	200
818	55	818	65	858	65	858	55	200
609	821	609	831	649	831	649	821	100
824	646	824	656	864	656	864	646	200
1108	659	1108	669	1148	669	1148	659	30
101	863	101	873	141	873	141	863	50
289	704	289	714	329	714	329	704	100
864	20	864	30	904	30	904	20	100
1000	461	1000	471	1040	471	1040	461	150
1002	106	1002	116	1042	116	1042	106	50
325	655	325	665	365	665	365	655	50
453	409	453	419	493	419	493	409	200
925	491	925	501	965	501	965	491	150
125	725	125	735	165	735	165	725	50
116	752	116	762	156	762	156	752	200
531	444	531	454	571	454	571	444	250
1143	1170	1143	1180	1183	1180	1183	1170	50
883	476	883	486	923	486	923	476	100
216	920	216	930	256	930	256	920	50
703	773	703	783	743	783	743	773	200
621	598	621	608	661	608	661	598	200
866	876	866	886	906	886	906	876	50
893	43	893	53	933	53	933	43	50
147	737	147	747	187	747	187	737	30
878	915	878	925	918	925	918	915	150
303	818	303	828	343	828	343	818	100
1152	3	1152	13	1192	13	1192	3	30
320	642	320	652	360	652	360	642	100
95	573	95	583	135	583	135	573	250
830	178	830	188	870	188	870	178	30
488	870	488	880	528	880	528	870	50
1112	269	1112	279	1152	279	1152	269	30
970	1	970	11	1010	11	1010	1	50
1057	736	1057	746	1097	746	1097	736	100
317	1037	317	1047	357	1047	357	1037	100
547	26	547	36	587	36	587	26	200
242	619	242	629	282	629	282	619	30
460	275	460	285	500	285	500	275	200
1154	966	1154	976	1194	976	1194	966	150
142	945	142	955	182	955	182	945	30
251	592	251	602	291	602	291	592	30
151	915	151	925	191	925	191	915	150
735	747	735	757	775	757	775	747	200
161	1133	161	1143	201	1143	201	1133	200
402	544	402	554	442	554	442	544	250
1074	930	1074	940	1114	940	1114	930	150
827	621	827	631	867	631	867	621	200
939	634	939	644	979	644	979	634	150
537	94	537	104	577	104	577	94	50
1000	419	1000	429	1040	429	1040	419	200
1151	85	1151	95	1191	95	1191	85	150
494	789	494	799	534	799	534	789	250
544	1174	544	1184	584	1184	584	1174	250
225	964	225	974	265	974	265	964	200
478	181	478	191	518	191	518	181	150
505	596	505	606	545	606	545	596	200
634	414	634	424	674	424	674	414	30
740	197	740	207	780	207	780	197	100
82	723	82	733	122	733	122	723	250
1151	784	1151	794	1191	794	1191	784	30
125	765	125	775	165	775	165	765	200
451	1100	451	1110	491	1110	491	1100	50
1112	72	1112	82	1152	82	1152	72	150
507	525	507	535	547	535	547	525	100
454	567	454	577	494	577	494	567	100
759	890	759	900	799	900	799	890	250
236	994	236	1004	276	1004	276	994	50
1056	1015	1056	1025	1096	1025	1096	1015	50
1091	429	1091	439	1131	439	1131	429	150
1075	1130	1075	1140	1115	1140	1115	1130	100
730	164	730	174	770	174	770	164	100
177	606	177	616	217	616	217	606	200
1027	764	1027	774	1067	774	1067	764	100
676	80	676	90	716	90	716	80	150
955	867	955	877	995	877	995	867	250
586	469	586	479	626	479	626	469	30
519	222	519	232	559	232	559	222	30
217	91	217	101	257	101	257	91	100
733	1156	733	1166	773	1166	773	1156	100
113	1017	113	1027	153	1027	153	1017	250
31	908	31	918	71	918	71	908	30
754	602	754	612	794	612	794	602	100
471	687	471	697	511	697	511	687	30
700	1066	700	1076	740	1076	740	1066	250
928	238	928	248	968	248	968	238	200
116	684	116	694	156	694	156	684	50
54	93	54	103	94	103	94	93	150
900	531	900	541	940	541	940	531	100
903	1111	903	1121	943	1121	943	1111	250
699	867	699	877	739	877	739	867	50
760	323	760	333	800	333	800	323	30
58	266	58	276	98	276	98	266	100
1062	92	1062	102	1102	102	1102	92	150
416	688	416	698	456	698	456	688	200
1077	140	1077	150	1117	150	1117	140	150
257	913	257	923	297	923	297	913	100
215	545	215	555	255	555	255	545	30
54	675	54	685	94	685	94	675	50
424	824	424	834	464	834	464	824	200
567	499	567	509	607	509	607	499	50
1009	1176	1009	1186	1049	1186	1049	1176	50
568	628	568	638	608	638	608	628	30
755	1086	755	1096	795	1096	795	1086	100
196	975	196	985	236	985	236	975	30
964	359	964	369	1004	369	1004	359	30
1037	1108	1037	1118	1077	1118	1077	1108	150
452	790	452	800	492	800	492	790	150
422	639	422	649	462	649	462	639	100
261	887	261	897	301	897	301	887	200
662	217	662	227	702	227	702	217	50
609	866	609	876	649	876	649	866	200
210	1005	210	1015	250	1015	250	1005	30
594	1107	594	1117	634	1117	634	1107	30
664	708	664	718	704	718	704	708	50
176	483	176	493	216	493	216	483	50
154	404	154	414	194	414	194	404	250
526	576	526	586	566	586	566	576	30
29	180	29	190	69	190	69	180	250
284	553	284	563	324	563	324	553	30
1011	507	1011	517	1051	517	1051	507	250
1089	822	1089	832	1129	832	1129	822	30
522	1112	522	1122	562	1122	562	1112	100
1099	981	1099	991	1139	991	1139	981	100
500	886	500	896	540	896	540	886	30
1156	304	1156	314	1196	314	1196	304	30
618	1046	618	1056	658	1056	658	1046	100
869	1092	869	1102	909	1102	909	1092	200
546	682	546	692	586	692	586	682	200
170	726	170	736	210	736	210	726	250
48	112	48	122	88	122	88	112	200
260	301	260	311	300	311	300	301	100
961	509	961	519	1001	519	1001	509	250
566	643	566	653	606	653	606	643	250
457	594	457	604	497	604	497	594	150
79	311	79	321	119	321	119	311	150
674	743	674	753	714	753	714	743	250
647	994	647	1004	687	1004	687	994	250
459	334	459	344	499	344	499	334	200
345	1097	345	1107	385	1107	385	1097	150
570	1185	570	1195	610	1195	610	1185	30
956	37	956	47	996	47	996	37	250
990	12	990	22	1030	22	1030	12	100
593	732	593	742	633	742	633	732	100
184	1157	184	1167	224	1167	224	1157	150
114	460	114	470	154	470	154	460	250
192	201	192	211	232	211	232	201	50
1105	884	1105	894	1145	894	1145	884	200
88	485	88	495	128	495	128	485	50
559	758	559	768	599	768	599	758	150
565	1015	565	1025	605	1025	605	1015	250
1043	376	1043	386	1083	386	1083	376	100
419	99	419	109	459	109	459	99	150
1155	182	1155	192	1195	192	1195	182	30
842	585	842	595	882	595	882	585	50
323	1018	323	1028	363	1028	363	1018	250
1035	210	1035	220	1075	220	1075	210	150
1126	610	1126	620	1166	620	1166	610	50
1096	641	1096	651	1136	651	1136	641	250
637	1085	637	1095	677	1095	677	1085	150
298	414	298	424	338	424	338	414	250
320	510	320	520	360	520	360	510	30
904	1145	904	1155	944	1155	944	1145	250
601	745	601	755	641	755	641	745	30
411	929	411	939	451	939	451	929	250
2	15	2	25	42	25	42	15	200
845	267	845	277	885	277	885	267	100
274	239	274	249	314	249	314	239	100
976	1150	976	1160	1016	1160	1016	1150	200
1111	850	1111	860	1151	860	1151	850	100
755	62	755	72	795	72	795	62	200
509	107	509	117	549	117	549	107	100
1073	232	1073	242	1113	242	1113	232	30
645	672	645	682	685	682	685	672	200
695	1189	695	1199	735	1199	735	1189	50
236	13	236	23	276	23	276	13	200
1136	202	1136	212	1176	212	1176	202	30
931	684	931	694	971	694	971	684	200
861	428	861	438	901	438	901	428	100
340	666	340	676	380	676	380	666	150
849	732	849	742	889	742	889	732	200
964	735	964	745	1004	745	1004	735	30
151	190	151	200	191	200	191	190	50
151	997	151	1007	191	1007	191	997	250
598	78	598	88	638	88	638	78	200
149	584	149	594	189	594	189	584	150
692	192	692	202	732	202	732	192	200
870	974	870	984	910	984	910	974	250
270	484	270	494	310	494	310	484	150
892	149	892	159	932	159	932	149	150
997	1187	997	1197	1037	1197	1037	1187	30
90	1115	90	1125	130	1125	130	1115	50
97	786	97	796	137	796	137	786	50
600	226	600	236	640	236	640	226	100
486	92	486	102	526	102	526	92	200
591	1124	591	1134	631	1134	631	1124	250
1113	406	1113	416	1153	416	1153	406	30
226	657	226	667	266	667	266	657	100
571	1086	571	1096	611	1096	611	1086	30
906	817	906	827	946	827	946	817	150
504	645	504	655	544	655	544	645	200
491	1023	491	1033	531	1033	531	1023	30
124	845	124	855	164	855	164	845	150
148	871	148	881	188	881	188	871	50
869	938	869	948	909	948	909	938	50
1003	266	1003	276	1043	276	1043	266	50
997	118	997	128	1037	128	1037	118	150
297	867	297	877	337	877	337	867	100
1069	1073	1069	1083	1109	1083	1109	1073	250
425	1068	425	1078	465	1078	465	1068	50
608	710	608	720	648	720	648	710	200
850	1170	850	1180	890	1180	890	1170	30
1122	1151	1122	1161	1162	1161	1162	1151	50
252	608	252	618	292	618	292	608	30
257	339	257	349	297	349	297	339	50
213	833	213	843	253	843	253	833	250
66	707	66	717	106	717	106	707	30
553	926	553	936	593	936	593	926	150
667	113	667	123	707	123	707	113	250
820	773	820	783	860	783	860	773	30
640	465	640	475	680	475	680	465	150
876	345	876	355	916	355	916	345	30
980	56	980	66	1020	66	1020	56	100
29	1142	29	1152	69	1152	69	1142	30
1054	25	1054	35	1094	35	1094	25	150
684	336	684	346	724	346	724	336	150
742	287	742	297	782	297	782	287	200
982	903	982	913	1022	913	1022	903	100
888	583	888	593	928	593	928	583	150
543	536	543	546	583	546	583	536	200
416	214	416	224	456	224	456	214	30
1134	228	1134	238	1174	238	1174	228	200
456	778	456	788	496	788	496	778	250
856	988	856	998	896	998	896	988	30
847	1042	847	1052	887	1052	887	1042	100
52	1005	52	1015	92	1015	92	1005	30
851	543	851	553	891	553	891	543	50
145	38	145	48	185	48	185	38	50
1050	590	1050	600	1090	600	1090	590	50
546	1158	546	1168	586	1168	586	1158	150
162	425	162	435	202	435	202	425	30
594	333	594	343	634	343	634	333	50
735	436	735	446	775	446	775	436	200
539	241	539	251	579	251	579	241	250
321	325	321	335	361	335	361	325	30
752	450	752	460	792	460	792	450	50
168	449	168	459	208	459	208	449	250
523	433	523	443	563	443	563	433	250
646	228	646	238	686	238	686	228	30
927	332	927	342	967	342	967	332	50
673	838	673	848	713	848	713	838	100
4	161	4	171	44	171	44	161	30
465	503	465	513	505	513	505	503	30
515	283	515	293	555	293	555	283	50
691	932	691	942	731	942	731	932	200
406	578	406	588	446	588	446	578	150
657	145	657	155	697	155	697	145	100
541	8	541	18	581	18	581	8	150
43	1127	43	1137	83	1137	83	1127	50
851	530	851	540	891	540	891	530	150
220	354	220	364	260	364	260	354	150
1093	901	1093	911	1133	911	1133	901	200
321	777	321	787	361	787	361	777	250
698	1083	698	1093	738	1093	738	1083	150
100	531	100	541	140	541	140	531	200
1158	1009	1158	1019	1198	1019	1198	1009	200
689	509	689	519	729	519	729	509	30
752	616	752	626	792	626	792	616	50
1080	578	1080	588	1120	588	1120	578	150
244	1150	244	1160	284	1160	284	1150	30
919	256	919	266	959	266	959	256	30
554	659	554	669	594	669	594	659	30
1080	213	1080	223	1120	223	1120	213	100
538	58	538	68	578	68	578	58	150
1112	1111	1112	1121	1152	1121	1152	1111	150
933	131	933	141	973	141	973	131	150
324	371	324	381	364	381	364	371	150
823	856	823	866	863	866	863	856	150
817	933	817	943	857	943	857	933	30
580	130	580	140	620	140	620	130	100
162	271	162	281	202	281	202	271	30
957	84	957	94	997	94	997	84	250
635	1138	635	1148	675	1148	675	1138	150
406	1094	406	1104	446	1104	446	1094	250
142	783	142	793	182	793	182	783	50
26	628	26	638	66	638	66	628	250
842	951	842	961	882	961	882	951	200
669	292	669	302	709	302	709	292	50
1092	516	1092	526	1132	526	1132	516	50
933	611	933	621	973	621	973	611	250
434	476	434	486	474	486	474	476	100
676	725	676	735	716	735	716	725	50
307	608	307	618	347	618	347	608	50
1143	648	1143	658	1183	658	1183	648	250
117	644	117	654	157	654	157	644	150
91	1052	91	1062	131	1062	131	1052	150
278	125	278	135	318	135	318	125	150
137	357	137	367	177	367	177	357	150
213	713	213	723	253	723	253	713	150
920	837	920	847	960	847	960	837	250
605	1173	605	1183	645	1183	645	1173	150
