800	800
0	514	0	500	800	500	800	514
0	300	0	286	800	286	800	300
286	800	286	0	300	0	300	800
500	800	500	0	514	0	514	800
403	130	403	140	443	140	443	130	250
607	82	607	92	647	92	647	82	30
521	765	521	775	561	775	561	765	150
450	20	450	30	490	30	490	20	100
37	469	37	479	77	479	77	469	250
459	459	459	469	499	469	499	459	50
721	352	721	362	761	362	761	352	30
215	90	215	100	255	100	255	90	250
674	325	674	335	714	335	714	325	250
343	661	343	671	383	671	383	661	50
29	174	29	184	69	184	69	174	30
312	81	312	91	352	91	352	81	100
616	62	616	72	656	72	656	62	30
563	33	563	43	603	43	603	33	250
148	528	148	538	188	538	188	528	150
221	519	221	529	261	529	261	519	100
6	352	6	362	46	362	46	352	30
57	368	57	378	97	378	97	368	150
227	731	227	741	267	741	267	731	100
230	147	230	157	270	157	270	147	150
626	404	626	414	666	414	666	404	250
718	391	718	401	758	401	758	391	150
637	190	637	200	677	200	677	190	250
641	539	641	549	681	549	681	539	250
72	151	72	161	112	161	112	151	150
83	206	83	216	123	216	123	206	50
553	626	553	636	593	636	593	626	100
118	366	118	376	158	376	158	366	150
215	760	215	770	255	770	255	760	50
313	331	313	341	353	341	353	331	150
453	611	453	621	493	621	493	611	30
116	473	116	483	156	483	156	473	150
559	446	559	456	599	456	599	446	50
98	638	98	648	138	648	138	638	150
668	356	668	366	708	366	708	356	50
142	441	142	451	182	451	182	441	150
85	94	85	104	125	104	125	94	30
577	584	577	594	617	594	617	584	200
180	563	180	573	220	573	220	563	50
143	209	143	219	183	219	183	209	100
737	108	737	118	777	118	777	108	250
629	709	629	719	669	719	669	709	150
402	594	402	604	442	604	442	594	150
50	337	50	347	90	347	90	337	250
750	339	750	349	790	349	790	339	50
614	766	614	776	654	776	654	766	30
9	439	9	449	49	449	49	439	200
608	751	608	761	648	761	648	751	30
80	532	80	542	120	542	120	532	150
112	36	112	46	152	46	152	36	200
36	51	36	61	76	61	76	51	100
179	682	179	692	219	692	219	682	150
726	363	726	373	766	373	766	363	30
338	555	338	565	378	565	378	555	30
709	450	709	460	749	460	749	450	200
192	301	192	311	232	311	232	301	50
397	404	397	414	437	414	437	404	30
385	539	385	549	425	549	425	539	250
448	685	448	695	488	695	488	685	100
402	393	402	403	442	403	442	393	30
82	250	82	260	122	260	122	250	250
346	158	346	168	386	168	386	158	150
439	428	439	438	479	438	479	428	150
184	587	184	597	224	597	224	587	150
725	76	725	86	765	86	765	76	250
596	317	596	327	636	327	636	317	30
664	259	664	269	704	269	704	259	50
194	430	194	440	234	440	234	430	250
732	635	732	645	772	645	772	635	100
354	638	354	648	394	648	394	638	250
674	709	674	719	714	719	714	709	30
242	635	242	645	282	645	282	635	100
546	669	546	679	586	679	586	669	30
153	393	153	403	193	403	193	393	30
730	402	730	412	770	412	770	402	250
18	747	18	757	58	757	58	747	250
457	632	457	642	497	642	497	632	200
573	420	573	430	613	430	613	420	250
442	370	442	380	482	380	482	370	150
307	136	307	146	347	146	347	136	100
155	60	155	70	195	70	195	60	100
2	573	2	583	42	583	42	573	150
8	332	8	342	48	342	48	332	150
238	204	238	214	278	214	278	204	100
168	780	168	790	208	790	208	780	250
675	781	675	791	715	791	715	781	150
529	52	529	62	569	62	569	52	100
439	108	439	118	479	118	479	108	100
410	700	410	710	450	710	450	700	50
413	154	413	164	453	164	453	154	100
142	187	142	197	182	197	182	187	200
438	445	438	455	478	455	478	445	250
334	383	334	393	374	393	374	383	200
558	303	558	313	598	313	598	303	150
63	29	63	39	103	39	103	29	50
621	455	621	465	661	465	661	455	30
397	302	397	312	437	312	437	302	250
753	766	753	776	793	776	793	766	100
668	398	668	408	708	408	708	398	150
148	255	148	265	188	265	188	255	150
712	473	712	483	752	483	752	473	100
307	305	307	315	347	315	347	305	50
89	442	89	452	129	452	129	442	30
746	674	746	684	786	684	786	674	250
375	341	375	351	415	351	415	341	30
582	541	582	551	622	551	622	541	100
748	537	748	547	788	547	788	537	30
606	159	606	169	646	169	646	159	50
526	2	526	12	566	12	566	2	150
54	562	54	572	94	572	94	562	100
457	706	457	716	497	716	497	706	150
519	387	519	397	559	397	559	387	250
369	208	369	218	409	218	409	208	150
574	331	574	341	614	341	614	331	150
702	596	702	606	742	606	742	596	250
691	688	691	698	731	698	731	688	100
609	677	609	687	649	687	649	677	50
696	516	696	526	736	526	736	516	30
593	266	593	276	633	276	633	266	50
619	359	619	369	659	369	659	359	250
446	309	446	319	486	319	486	309	100
729	94	729	104	769	104	769	94	100
35	456	35	466	75	466	75	456	30
90	575	90	585	130	585	130	575	30
350	617	350	627	390	627	390	617	250
319	439	319	449	359	449	359	439	30
99	268	99	278	139	278	139	268	250
617	440	617	450	657	450	657	440	30
677	25	677	35	717	35	717	25	100
388	475	388	485	428	485	428	475	30
2	249	2	259	42	259	42	249	250
637	136	637	146	677	146	677	136	150
328	254	328	264	368	264	368	254	30
6	134	6	144	46	144	46	134	150
10	198	10	208	50	208	50	198	100
705	562	705	572	745	572	745	562	150
196	618	196	628	236	628	236	618	200
451	401	451	411	491	411	491	401	50
645	384	645	394	685	394	685	384	30
553	80	553	90	593	90	593	80	200
98	7	98	17	138	17	138	7	150
99	130	99	140	139	140	139	130	150
715	654	715	664	755	664	755	654	50
4	789	4	799	44	799	44	789	100
29	276	29	286	69	286	69	276	50
10	524	10	534	50	534	50	524	250
352	738	352	748	392	748	392	738	150
189	337	189	347	229	347	229	337	100
738	124	738	134	778	134	778	124	250
337	230	337	240	377	240	377	230	30
301	0	301	10	341	10	341	0	250
426	649	426	659	466	659	466	649	100
557	248	557	258	597	258	597	248	30
131	23	131	33	171	33	171	23	30
662	14	662	24	702	24	702	14	50
432	748	432	758	472	758	472	748	100
623	421	623	431	663	431	663	421	150
454	159	454	169	494	169	494	159	50
52	521	52	531	92	531	92	521	50
81	707	81	717	121	717	121	707	50
626	228	626	238	666	238	666	228	100
750	148	750	158	790	158	790	148	30
80	239	80	249	120	249	120	239	150
519	229	519	239	559	239	559	229	150
747	553	747	563	787	563	787	553	30
602	602	602	612	642	612	642	602	150
560	128	560	138	600	138	600	128	250
244	549	244	559	284	559	284	549	50
554	101	554	111	594	111	594	101	250
21	482	21	492	61	492	61	482	150
302	214	302	224	342	224	342	214	250
559	177	559	187	599	187	599	177	30
76	787	76	797	116	797	116	787	150
49	135	49	145	89	145	89	135	100
651	273	651	283	691	283	691	273	30
99	677	99	687	139	687	139	677	200
443	75	443	85	483	85	483	75	200
211	12	211	22	251	22	251	12	50
387	753	387	763	427	763	427	753	50
246	386	246	396	286	396	286	386	100
100	188	100	198	140	198	140	188	50
94	601	94	611	134	611	134	601	50
562	142	562	152	602	152	602	142	250
518	141	518	151	558	151	558	141	250
159	700	159	710	199	710	199	700	100
190	159	190	169	230	169	230	159	50
638	732	638	742	678	742	678	732	50
311	712	311	722	351	722	351	712	50
698	305	698	315	738	315	738	305	30
536	476	536	486	576	486	576	476	200
651	747	651	757	691	757	691	747	100
222	191	222	201	262	201	262	191	50
524	555	524	565	564	565	564	555	250
160	660	160	670	200	670	200	660	150
330	682	330	692	370	692	370	682	150
232	257	232	267	272	267	272	257	150
439	775	439	785	479	785	479	775	100
370	267	370	277	410	277	410	267	50
408	723	408	733	448	733	448	723	30
748	747	748	757	788	757	788	747	50
109	72	109	82	149	82	149	72	100
24	677	24	687	64	687	64	677	150
352	693	352	703	392	703	392	693	200
430	35	430	45	470	45	470	35	200
624	206	624	216	664	216	664	206	30
104	119	104	129	144	129	144	119	150
59	654	59	664	99	664	99	654	250
118	787	118	797	158	797	158	787	100
759	224	759	234	799	234	799	224	200
193	214	193	224	233	224	233	214	250
650	102	650	112	690	112	690	102	200
622	473	622	483	662	483	662	473	250
213	534	213	544	253	544	253	534	50
205	376	205	386	245	386	245	376	50
752	786	752	796	792	796	792	786	100
208	28	208	38	248	38	248	28	100
606	525	606	535	646	535	646	525	250
529	338	529	348	569	348	569	338	100
244	708	244	718	284	718	284	708	150
227	115	227	125	267	125	267	115	150
449	333	449	343	489	343	489	333	50
145	610	145	620	185	620	185	610	150
458	388	458	398	498	398	498	388	250
302	738	302	748	342	748	342	738	50
679	760	679	770	719	770	719	760	50
129	49	129	59	169	59	169	49	250
405	182	405	192	445	192	445	182	250
623	691	623	701	663	701	663	691	150
180	547	180	557	220	557	220	547	50
332	184	332	194	372	194	372	184	250
756	17	756	27	796	27	796	17	200
608	1	608	11	648	11	648	1	200
306	31	306	41	346	41	346	31	50
751	620	751	630	791	630	791	620	100
158	724	158	734	198	734	198	724	200
304	575	304	585	344	585	344	575	100
224	788	224	798	264	798	264	788	100
340	58	340	68	380	68	380	58	250
641	567	641	577	681	577	681	567	200
74	171	74	181	114	181	114	171	150
611	176	611	186	651	186	651	176	150
516	115	516	125	556	125	556	115	250
672	427	672	437	712	437	712	427	150
672	56	672	66	712	66	712	56	100
721	259	721	269	761	269	761	259	50
330	47	330	57	370	57	370	47	200
652	0	652	10	692	10	692	0	150
546	653	546	663	586	663	586	653	30
52	430	52	440	92	440	92	430	50
720	205	720	215	760	215	760	205	200
331	524	331	534	371	534	371	524	250
179	357	179	367	219	367	219	357	250
759	564	759	574	799	574	799	564	150
86	721	86	731	126	731	126	721	100
160	124	160	134	200	134	200	124	250
101	321	101	331	141	331	141	321	150
148	317	148	327	188	327	188	317	30
308	15	308	25	348	25	348	15	50
114	152	114	162	154	162	154	152	30
540	516	540	526	580	526	580	516	30
373	25	373	35	413	35	413	25	200
626	616	626	626	666	626	666	616	30
526	696	526	706	566	706	566	696	150
72	404	72	414	112	414	112	404	50
436	207	436	217	476	217	476	207	30
107	654	107	664	147	664	147	654	250
431	547	431	557	471	557	471	547	100
191	416	191	426	231	426	231	416	50
726	4	726	14	766	14	766	4	30
16	23	16	33	56	33	56	23	150
312	372	312	382	352	382	352	372	150
361	106	361	116	401	116	401	106	30
55	357	55	367	95	367	95	357	50
301	350	301	360	341	360	341	350	50
594	485	594	495	634	495	634	485	250
436	356	436	366	476	366	476	356	30
365	321	365	331	405	331	405	321	150
705	157	705	167	745	167	745	157	150
151	381	151	391	191	391	191	381	150
219	668	219	678	259	678	259	668	100
341	450	341	460	381	460	381	450	50
724	427	724	437	764	437	764	427	50
664	636	664	646	704	646	704	636	100
550	602	550	612	590	612	590	602	100
199	270	199	280	239	280	239	270	200
429	486	429	496	469	496	469	486	100
348	774	348	784	388	784	388	774	150
714	733	714	743	754	743	754	733	50
417	241	417	251	457	251	457	241	30
562	684	562	694	602	694	602	684	50
596	739	596	749	636	749	636	739	200
22	763	22	773	62	773	62	763	200
188	234	188	244	228	244	228	234	30
321	600	321	610	361	610	361	600	250
743	29	743	39	783	39	783	29	200
541	215	541	225	581	225	581	215	100
18	153	18	163	58	163	58	153	250
