800	800
0	514	0	500	800	500	800	514
0	300	0	286	800	286	800	300
393	800	393	0	407	0	407	800
437	774	437	784	477	784	477	774	250
116	77	116	87	156	87	156	77	50
318	178	318	188	358	188	358	178	250
105	275	105	285	145	285	145	275	150
469	618	469	628	509	628	509	618	250
602	431	602	441	642	441	642	431	250
118	413	118	423	158	423	158	413	150
19	601	19	611	59	611	59	601	100
431	322	431	332	471	332	471	322	30
548	314	548	324	588	324	588	314	50
693	581	693	591	733	591	733	581	30
459	185	459	195	499	195	499	185	250
8	451	8	461	48	461	48	451	30
151	234	151	244	191	244	191	234	250
39	123	39	133	79	133	79	123	200
238	677	238	687	278	687	278	677	150
426	514	426	524	466	524	466	514	50
733	350	733	360	773	360	773	350	200
214	605	214	615	254	615	254	605	150
511	584	511	594	551	594	551	584	100
661	552	661	562	701	562	701	552	200
119	588	119	598	159	598	159	588	100
177	156	177	166	217	166	217	156	200
282	405	282	415	322	415	322	405	30
637	177	637	187	677	187	677	177	150
409	485	409	495	449	495	449	485	100
290	48	290	58	330	58	330	48	150
503	29	503	39	543	39	543	29	250
320	376	320	386	360	386	360	376	200
346	478	346	488	386	488	386	478	100
266	20	266	30	306	30	306	20	30
67	143	67	153	107	153	107	143	30
443	525	443	535	483	535	483	525	100
563	55	563	65	603	65	603	55	150
135	705	135	715	175	715	175	705	250
685	82	685	92	725	92	725	82	250
673	316	673	326	713	326	713	316	30
444	120	444	130	484	130	484	120	200
621	779	621	789	661	789	661	779	150
50	748	50	758	90	758	90	748	250
55	181	55	191	95	191	95	181	200
626	325	626	335	666	335	666	325	30
744	18	744	28	784	28	784	18	100
233	195	233	205	273	205	273	195	150
46	772	46	782	86	782	86	772	30
285	302	285	312	325	312	325	302	200
637	527	637	537	677	537	677	527	150
273	369	273	379	313	379	313	369	30
145	346	145	356	185	356	185	346	100
207	559	207	569	247	569	247	559	50
499	423	499	433	539	433	539	423	200
81	486	81	496	121	496	121	486	200
686	719	686	729	726	729	726	719	100
436	341	436	351	476	351	476	341	50
73	77	73	87	113	87	113	77	250
543	641	543	651	583	651	583	641	100
427	543	427	553	467	553	467	543	100
534	222	534	232	574	232	574	222	250
199	382	199	392	239	392	239	382	50
40	560	40	570	80	570	80	560	200
431	100	431	110	471	110	471	100	30
244	750	244	760	284	760	284	750	150
46	47	46	57	86	57	86	47	30
9	474	9	484	49	484	49	474	50
476	324	476	334	516	334	516	324	50
631	679	631	689	671	689	671	679	50
59	250	59	260	99	260	99	250	100
588	229	588	239	628	239	628	229	30
512	549	512	559	552	559	552	549	250
471	153	471	163	511	163	511	153	50
320	707	320	717	360	717	360	707	50
186	518	186	528	226	528	226	518	150
712	120	712	130	752	130	752	120	30
246	710	246	720	286	720	286	710	250
749	74	749	84	789	84	789	74	50
714	619	714	629	754	629	754	619	150
594	208	594	218	634	218	634	208	50
709	327	709	337	749	337	749	327	50
539	702	539	712	579	712	579	702	200
433	742	433	752	473	752	473	742	200
222	161	222	171	262	171	262	161	150
177	121	177	131	217	131	217	121	100
32	659	32	669	72	669	72	659	200
325	774	325	784	365	784	365	774	50
153	440	153	450	193	450	193	440	200
658	409	658	419	698	419	698	409	200
446	305	446	315	486	315	486	305	30
672	733	672	743	712	743	712	733	150
107	635	107	645	147	645	147	635	200
161	628	161	638	201	638	201	628	100
757	596	757	606	797	606	797	596	200
432	723	432	733	472	733	472	723	200
446	399	446	409	486	409	486	399	200
631	312	631	322	671	322	671	312	250
164	41	164	51	204	51	204	41	100
265	163	265	173	305	173	305	163	200
604	695	604	705	644	705	644	695	100
651	262	651	272	691	272	691	262	200
86	572	86	582	126	582	126	572	150
104	0	104	10	144	10	144	0	250
409	669	409	679	449	679	449	669	30
238	236	238	246	278	246	278	236	250
322	152	322	162	362	162	362	152	200
514	158	514	168	554	168	554	158	50
694	674	694	684	734	684	734	674	250
707	516	707	526	747	526	747	516	150
199	490	199	500	239	500	239	490	250
267	113	267	123	307	123	307	113	250
505	732	505	742	545	742	545	732	200
552	455	552	465	592	465	592	455	150
192	670	192	680	232	680	232	670	100
730	486	730	496	770	496	770	486	30
698	156	698	166	738	166	738	156	30
498	529	498	539	538	539	538	529	150
113	668	113	678	153	678	153	668	200
649	43	649	53	689	53	689	43	50
407	236	407	246	447	246	447	236	250
755	416	755	426	795	426	795	416	30
353	219	353	229	393	229	393	219	100
342	718	342	728	382	728	382	718	200
257	177	257	187	297	187	297	177	30
409	377	409	387	449	387	449	377	250
416	608	416	618	456	618	456	608	30
681	764	681	774	721	774	721	764	250
267	0	267	10	307	10	307	0	50
34	59	34	69	74	69	74	59	50
672	424	672	434	712	434	712	424	30
82	695	82	705	122	705	122	695	200
285	90	285	100	325	100	325	90	250
522	671	522	681	562	681	562	671	150
580	122	580	132	620	132	620	122	200
269	624	269	634	309	634	309	624	250
409	215	409	225	449	225	449	215	250
146	357	146	367	186	367	186	357	200
602	514	602	524	642	524	642	514	150
705	695	705	705	745	705	745	695	150
220	433	220	443	260	443	260	433	150
168	29	168	39	208	39	208	29	30
479	381	479	391	519	391	519	381	50
630	114	630	124	670	124	670	114	200
110	652	110	662	150	662	150	652	100
743	744	743	754	783	754	783	744	200
44	104	44	114	84	114	84	104	200
70	11	70	21	110	21	110	11	150
755	719	755	729	795	729	795	719	100
604	618	604	628	644	628	644	618	150
521	337	521	347	561	347	561	337	100
181	741	181	751	221	751	221	741	30
228	785	228	795	268	795	268	785	50
729	183	729	193	769	193	769	183	250
572	39	572	49	612	49	612	39	50
94	95	94	105	134	105	134	95	200
14	621	14	631	54	631	54	621	50
191	365	191	375	231	375	231	365	150
351	515	351	525	391	525	391	515	30
543	396	543	406	583	406	583	396	200
145	332	145	342	185	342	185	332	50
266	521	266	531	306	531	306	521	100
646	567	646	577	686	577	686	567	200
242	545	242	555	282	555	282	545	100
571	601	571	611	611	611	611	601	100
237	694	237	704	277	704	277	694	30
311	437	311	447	351	447	351	437	30
597	343	597	353	637	353	637	343	50
508	718	508	728	548	728	548	718	50
226	578	226	588	266	588	266	578	150
219	89	219	99	259	99	259	89	100
597	82	597	92	637	92	637	82	30
2	203	2	213	42	213	42	203	30
465	476	465	486	505	486	505	476	150
0	16	0	26	40	26	40	16	100
69	584	69	594	109	594	109	584	250
675	211	675	221	715	221	715	211	30
544	106	544	116	584	116	584	106	50
137	724	137	734	177	734	177	724	100
272	212	272	222	312	222	312	212	30
280	664	280	674	320	674	320	664	30
182	695	182	705	222	705	222	695	50
9	632	9	642	49	642	49	632	50
323	630	323	640	363	640	363	630	100
38	354	38	364	78	364	78	354	50
242	453	242	463	282	463	282	453	100
655	705	655	715	695	715	695	705	100
621	157	621	167	661	167	661	157	30
447	65	447	75	487	75	487	65	150
90	452	90	462	130	462	130	452	150
250	388	250	398	290	398	290	388	150
450	31	450	41	490	41	490	31	30
46	789	46	799	86	799	86	789	100
411	361	411	371	451	371	451	361	200
424	706	424	716	464	716	464	706	200
635	603	635	613	675	613	675	603	250
101	117	101	127	141	127	141	117	200
589	174	589	184	629	184	629	174	100
608	452	608	462	648	462	648	452	30
328	82	328	92	368	92	368	82	150
452	661	452	671	492	671	492	661	150
271	465	271	475	311	475	311	465	50
741	652	741	662	781	662	781	652	100
757	528	757	538	797	538	797	528	100
663	196	663	206	703	206	703	196	150
211	272	211	282	251	282	251	272	250
35	707	35	717	75	717	75	707	30
102	347	102	357	142	357	142	347	30
39	236	39	246	79	246	79	236	30
745	212	745	222	785	222	785	212	30
634	24	634	34	674	34	674	24	200
70	432	70	442	110	442	110	432	50
496	82	496	92	536	92	536	82	200
536	179	536	189	576	189	576	179	150
515	749	515	759	555	759	555	749	150
163	15	163	25	203	25	203	15	50
697	384	697	394	737	394	737	384	50
115	623	115	633	155	633	155	623	50
170	571	170	581	210	581	210	571	100
30	268	30	278	70	278	70	268	250
491	110	491	120	531	120	531	110	100
99	535	99	545	139	545	139	535	200
571	359	571	369	611	369	611	359	200
8	685	8	695	48	695	48	685	250
697	570	697	580	737	580	737	570	250
647	663	647	673	687	673	687	663	50
286	685	286	695	326	695	326	685	50
726	198	726	208	766	208	766	198	200
47	302	47	312	87	312	87	302	50
593	767	593	777	633	777	633	767	30
89	34	89	44	129	44	129	34	150
