800	800
0	407	0	393	800	393	800	407
393	800	393	0	407	0	407	800
91	72	91	82	131	82	131	72	100
301	669	301	679	341	679	341	669	250
555	639	555	649	595	649	595	639	100
110	100	110	110	150	110	150	100	30
660	563	660	573	700	573	700	563	150
206	711	206	721	246	721	246	711	30
534	505	534	515	574	515	574	505	50
457	734	457	744	497	744	497	734	150
248	672	248	682	288	682	288	672	150
521	230	521	240	561	240	561	230	50
582	444	582	454	622	454	622	444	30
120	446	120	456	160	456	160	446	30
3	635	3	645	43	645	43	635	250
425	111	425	121	465	121	465	111	50
175	786	175	796	215	796	215	786	30
647	575	647	585	687	585	687	575	200
535	1	535	11	575	11	575	1	250
136	642	136	652	176	652	176	642	100
525	88	525	98	565	98	565	88	30
118	183	118	193	158	193	158	183	30
683	735	683	745	723	745	723	735	50
76	115	76	125	116	125	116	115	150
328	628	328	638	368	638	368	628	250
90	687	90	697	130	697	130	687	200
3	749	3	759	43	759	43	749	200
524	445	524	455	564	455	564	445	100
34	263	34	273	74	273	74	263	150
445	628	445	638	485	638	485	628	200
422	229	422	239	462	239	462	229	100
95	424	95	434	135	434	135	424	150
423	365	423	375	463	375	463	365	150
624	451	624	461	664	461	664	451	50
299	57	299	67	339	67	339	57	50
145	420	145	430	185	430	185	420	200
635	347	635	357	675	357	675	347	150
283	729	283	739	323	739	323	729	30
521	265	521	275	561	275	561	265	100
697	450	697	460	737	460	737	450	50
32	504	32	514	72	514	72	504	30
104	593	104	603	144	603	144	593	200
24	460	24	470	64	470	64	460	150
465	356	465	366	505	366	505	356	30
617	333	617	343	657	343	657	333	250
287	204	287	214	327	214	327	204	200
29	621	29	631	69	631	69	621	150
500	39	500	49	540	49	540	39	150
464	156	464	166	504	166	504	156	150
584	563	584	573	624	573	624	563	100
567	462	567	472	607	472	607	462	250
240	19	240	29	280	29	280	19	50
237	137	237	147	277	147	277	137	250
223	156	223	166	263	166	263	156	30
641	105	641	115	681	115	681	105	200
642	665	642	675	682	675	682	665	100
730	240	730	250	770	250	770	240	250
327	147	327	157	367	157	367	147	30
748	528	748	538	788	538	788	528	250
259	313	259	323	299	323	299	313	250
473	584	473	594	513	594	513	584	200
758	634	758	644	798	644	798	634	250
479	189	479	199	519	199	519	189	50
747	343	747	353	787	353	787	343	250
715	511	715	521	755	521	755	511	250
174	237	174	247	214	247	214	237	30
55	486	55	496	95	496	95	486	200
748	770	748	780	788	780	788	770	30
728	587	728	597	768	597	768	587	100
660	142	660	152	700	152	700	142	100
698	717	698	727	738	727	738	717	50
617	785	617	795	657	795	657	785	50
501	309	501	319	541	319	541	309	150
719	480	719	490	759	490	759	480	30
624	594	624	604	664	604	664	594	50
680	374	680	384	720	384	720	374	150
702	347	702	357	742	357	742	347	30
239	178	239	188	279	188	279	178	50
50	579	50	589	90	589	90	579	100
622	308	622	318	662	318	662	308	50
469	466	469	476	509	476	509	466	50
238	33	238	43	278	43	278	33	30
14	200	14	210	54	210	54	200	250
289	353	289	363	329	363	329	353	250
267	628	267	638	307	638	307	628	150
132	69	132	79	172	79	172	69	30
651	45	651	55	691	55	691	45	100
188	725	188	735	228	735	228	725	250
335	553	335	563	375	563	375	553	100
460	719	460	729	500	729	500	719	200
414	649	414	659	454	659	454	649	200
643	254	643	264	683	264	683	254	250
528	195	528	205	568	205	568	195	250
108	1	108	11	148	11	148	1	50
652	759	652	769	692	769	692	759	100
272	639	272	649	312	649	312	639	200
305	535	305	545	345	545	345	535	30
409	519	409	529	449	529	449	519	200
457	519	457	529	497	529	497	519	100
94	515	94	525	134	525	134	515	100
490	705	490	715	530	715	530	705	250
265	475	265	485	305	485	305	475	250
38	133	38	143	78	143	78	133	50
195	48	195	58	235	58	235	48	30
288	742	288	752	328	752	328	742	100
423	583	423	593	463	593	463	583	200
77	40	77	50	117	50	117	40	100
598	136	598	146	638	146	638	136	50
96	309	96	319	136	319	136	309	30
463	480	463	490	503	490	503	480	250
462	252	462	262	502	262	502	252	50
1	187	1	197	41	197	41	187	30
263	256	263	266	303	266	303	256	150
310	433	310	443	350	443	350	433	250
333	614	333	624	373	624	373	614	30
113	351	113	361	153	361	153	351	250
86	743	86	753	126	753	126	743	30
504	737	504	747	544	747	544	737	200
208	564	208	574	248	574	248	564	200
287	189	287	199	327	199	327	189	250
5	528	5	538	45	538	45	528	30
13	493	13	503	53	503	53	493	200
724	180	724	190	764	190	764	180	30
158	504	158	514	198	514	198	504	50
215	229	215	239	255	239	255	229	150
671	465	671	475	711	475	711	465	30
584	31	584	41	624	41	624	31	50
524	76	524	86	564	86	564	76	150
607	277	607	287	647	287	647	277	200
110	134	110	144	150	144	150	134	50
460	616	460	626	500	626	500	616	200
594	536	594	546	634	546	634	536	100
274	568	274	578	314	578	314	568	30
416	761	416	771	456	771	456	761	200
618	611	618	621	658	621	658	611	250
739	702	739	712	779	712	779	702	100
206	507	206	517	246	517	246	507	250
147	698	147	708	187	708	187	698	100
42	542	42	552	82	552	82	542	150
632	736	632	746	672	746	672	736	30
464	235	464	245	504	245	504	235	150
660	407	660	417	700	417	700	407	30
652	288	652	298	692	298	692	288	150
414	468	414	478	454	478	454	468	100
561	662	561	672	601	672	601	662	50
642	652	642	662	682	662	682	652	100
466	773	466	783	506	783	506	773	150
457	545	457	555	497	555	497	545	100
311	779	311	789	351	789	351	779	50
732	422	732	432	772	432	772	422	100
463	660	463	670	503	670	503	660	30
718	647	718	657	758	657	758	647	50
444	206	444	216	484	216	484	206	150
728	493	728	503	768	503	768	493	30
102	781	102	791	142	791	142	781	30
512	357	512	367	552	367	552	357	50
263	692	263	702	303	702	303	692	50
665	209	665	219	705	219	705	209	100
249	513	249	523	289	523	289	513	100
160	378	160	388	200	388	200	378	250
206	119	206	129	246	129	246	119	150
558	15	558	25	598	25	598	15	30
287	104	287	114	327	114	327	104	200
11	475	11	485	51	485	51	475	250
14	378	14	388	54	388	54	378	50
329	254	329	264	369	264	369	254	50
504	612	504	622	544	622	544	612	250
333	74	333	84	373	84	373	74	200
211	410	211	420	251	420	251	410	200
424	292	424	302	464	302	464	292	30
520	382	520	392	560	392	560	382	200
249	612	249	622	289	622	289	612	150
3	664	3	674	43	674	43	664	200
489	499	489	509	529	509	529	499	100
750	270	750	280	790	280	790	270	30
159	458	159	468	199	468	199	458	200
550	298	550	308	590	308	590	298	200
414	569	414	579	454	579	454	569	200
499	216	499	226	539	226	539	216	250
270	268	270	278	310	278	310	268	150
411	734	411	744	451	744	451	734	200
685	589	685	599	725	599	725	589	100
710	101	710	111	750	111	750	101	150
349	30	349	40	389	40	389	30	30
634	239	634	249	674	249	674	239	30
508	119	508	129	548	129	548	119	150
470	170	470	180	510	180	510	170	150
740	39	740	49	780	49	780	39	200
752	434	752	444	792	444	792	434	250
645	58	645	68	685	68	685	58	100
676	552	676	562	716	562	716	552	200
470	438	470	448	510	448	510	438	50
607	156	607	166	647	166	647	156	30
193	263	193	273	233	273	233	263	50
656	85	656	95	696	95	696	85	200
756	115	756	125	796	125	796	115	150
489	2	489	12	529	12	529	2	200
150	658	150	668	190	668	190	658	250
651	181	651	191	691	191	691	181	200
312	159	312	169	352	169	352	159	50
455	56	455	66	495	66	495	56	30
411	20	411	30	451	30	451	20	250
522	651	522	661	562	661	562	651	250
532	477	532	487	572	487	572	477	150
471	370	471	380	511	380	511	370	150
706	274	706	284	746	284	746	274	150
634	440	634	450	674	450	674	440	30
672	427	672	437	712	437	712	427	30
8	323	8	333	48	333	48	323	30
581	113	581	123	621	123	621	113	200
156	125	156	135	196	135	196	125	250
216	240	216	250	256	250	256	240	250
347	279	347	289	387	289	387	279	250
178	636	178	646	218	646	218	636	200
413	142	413	152	453	152	453	142	150
622	747	622	757	662	757	662	747	200
759	619	759	629	799	629	799	619	30
728	28	728	38	768	38	768	28	250
557	143	557	153	597	153	597	143	50
135	673	135	683	175	683	175	673	30
188	437	188	447	228	447	228	437	200
450	787	450	797	490	797	490	787	150
519	593	519	603	559	603	559	593	100
751	729	751	739	791	739	791	729	50
580	595	580	605	620	605	620	595	50
456	20	456	30	496	30	496	20	250
187	91	187	101	227	101	227	91	30
514	132	514	142	554	142	554	132	250
506	286	506	296	546	296	546	286	50
479	328	479	338	519	338	519	328	150
425	494	425	504	465	504	465	494	250
428	749	428	759	468	759	468	749	50
296	20	296	30	336	30	336	20	250
