800	800
0	514	0	500	800	500	800	514
0	300	0	286	800	286	800	300
286	800	286	0	300	0	300	800
500	800	500	0	514	0	514	800
595	151	595	161	635	161	635	151	250
54	61	54	71	94	71	94	61	200
542	56	542	66	582	66	582	56	200
633	57	633	67	673	67	673	57	30
18	37	18	47	58	47	58	37	50
524	198	524	208	564	208	564	198	250
593	120	593	130	633	130	633	120	100
104	387	104	397	144	397	144	387	30
460	250	460	260	500	260	500	250	250
231	368	231	378	271	378	271	368	50
200	330	200	340	240	340	240	330	30
157	635	157	645	197	645	197	635	250
408	764	408	774	448	774	448	764	200
425	50	425	60	465	60	465	50	250
392	743	392	753	432	753	432	743	100
365	665	365	675	405	675	405	665	200
100	436	100	446	140	446	140	436	100
738	239	738	249	778	249	778	239	50
571	762	571	772	611	772	611	762	30
516	150	516	160	556	160	556	150	50
170	610	170	620	210	620	210	610	30
8	451	8	461	48	461	48	451	30
217	397	217	407	257	407	257	397	100
188	695	188	705	228	705	228	695	100
414	367	414	377	454	377	454	367	100
582	227	582	237	622	237	622	227	150
106	223	106	233	146	233	146	223	50
450	739	450	749	490	749	490	739	200
745	516	745	526	785	526	785	516	200
603	785	603	795	643	795	643	785	150
521	276	521	286	561	286	561	276	150
600	554	600	564	640	564	640	554	150
743	11	743	21	783	21	783	11	50
331	765	331	775	371	775	371	765	250
122	60	122	70	162	70	162	60	200
239	700	239	710	279	710	279	700	200
530	339	530	349	570	349	570	339	30
514	479	514	489	554	489	554	479	30
421	179	421	189	461	189	461	179	200
418	407	418	417	458	417	458	407	100
72	604	72	614	112	614	112	604	250
228	122	228	132	268	132	268	122	30
218	138	218	148	258	148	258	138	200
324	658	324	668	364	668	364	658	50
6	235	6	245	46	245	46	235	250
701	554	701	564	741	564	741	554	50
124	669	124	679	164	679	164	669	30
651	543	651	553	691	553	691	543	100
676	479	676	489	716	489	716	479	30
77	189	77	199	117	199	117	189	50
430	514	430	524	470	524	470	514	50
106	553	106	563	146	563	146	553	150
423	27	423	37	463	37	463	27	150
426	108	426	118	466	118	466	108	100
552	213	552	223	592	223	592	213	50
60	314	60	324	100	324	100	314	150
306	42	306	52	346	52	346	42	150
650	308	650	318	690	318	690	308	100
518	540	518	550	558	550	558	540	250
158	150	158	160	198	160	198	150	30
155	521	155	531	195	531	195	521	150
735	227	735	237	775	237	775	227	50
398	429	398	439	438	439	438	429	30
128	125	128	135	168	135	168	125	250
105	372	105	382	145	382	145	372	200
340	415	340	425	380	425	380	415	250
166	237	166	247	206	247	206	237	150
158	306	158	316	198	316	198	306	200
166	412	166	422	206	422	206	412	100
234	735	234	745	274	745	274	735	100
398	559	398	569	438	569	438	559	30
21	437	21	447	61	447	61	437	250
228	535	228	545	268	545	268	535	200
602	109	602	119	642	119	642	109	30
59	301	59	311	99	311	99	301	50
393	124	393	134	433	134	433	124	100
309	179	309	189	349	189	349	179	200
93	720	93	730	133	730	133	720	30
179	90	179	100	219	100	219	90	200
754	395	754	405	794	405	794	395	30
303	28	303	38	343	38	343	28	250
450	381	450	391	490	391	490	381	250
653	225	653	235	693	235	693	225	100
693	739	693	749	733	749	733	739	100
708	423	708	433	748	433	748	423	150
454	337	454	347	494	347	494	337	250
719	166	719	176	759	176	759	166	250
384	787	384	797	424	797	424	787	200
399	539	399	549	439	549	439	539	30
397	396	397	406	437	406	437	396	30
720	461	720	471	760	471	760	461	150
529	355	529	365	569	365	569	355	100
408	471	408	481	448	481	448	471	100
4	257	4	267	44	267	44	257	150
356	79	356	89	396	89	396	79	50
666	45	666	55	706	55	706	45	200
560	520	560	530	600	530	600	520	250
676	608	676	618	716	618	716	608	100
8	526	8	536	48	536	48	526	30
30	720	30	730	70	730	70	720	50
730	778	730	788	770	788	770	778	250
127	258	127	268	167	268	167	258	150
13	330	13	340	53	340	53	330	250
401	690	401	700	441	700	441	690	250
201	561	201	571	241	571	241	561	50
554	254	554	264	594	264	594	254	100
420	219	420	229	460	229	460	219	200
2	84	2	94	42	94	42	84	50
565	610	565	620	605	620	605	610	50
668	664	668	674	708	674	708	664	30
330	256	330	266	370	266	370	256	30
378	336	378	346	418	346	418	336	200
574	163	574	173	614	173	614	163	250
574	37	574	47	614	47	614	37	200
341	785	341	795	381	795	381	785	150
313	115	313	125	353	125	353	115	30
439	305	439	315	479	315	479	305	30
756	484	756	494	796	494	796	484	150
573	6	573	16	613	16	613	6	200
374	460	374	470	414	470	414	460	250
224	549	224	559	264	559	264	549	30
644	419	644	429	684	429	684	419	250
650	517	650	527	690	527	690	517	30
36	404	36	414	76	414	76	404	250
700	107	700	117	740	117	740	107	100
347	149	347	159	387	159	387	149	250
181	661	181	671	221	671	221	661	30
132	6	132	16	172	16	172	6	100
64	32	64	42	104	42	104	32	100
15	782	15	792	55	792	55	782	100
313	542	313	552	353	552	353	542	150
695	197	695	207	735	207	735	197	50
734	711	734	721	774	721	774	711	30
151	396	151	406	191	406	191	396	250
15	145	15	155	55	155	55	145	150
148	762	148	772	188	772	188	762	150
734	671	734	681	774	681	774	671	100
541	739	541	749	581	749	581	739	200
755	134	755	144	795	144	795	134	250
230	347	230	357	270	357	270	347	250
748	257	748	267	788	267	788	257	200
577	321	577	331	617	331	617	321	100
72	95	72	105	112	105	112	95	250
155	211	155	221	195	221	195	211	150
521	384	521	394	561	394	561	384	30
112	169	112	179	152	179	152	169	200
311	309	311	319	351	319	351	309	50
757	631	757	641	797	641	797	631	50
458	419	458	429	498	429	498	419	100
170	178	170	188	210	188	210	178	100
322	487	322	497	362	497	362	487	250
77	685	77	695	117	695	117	685	30
65	141	65	151	105	151	105	141	50
339	130	339	140	379	140	379	130	150
391	0	391	10	431	10	431	0	150
327	753	327	763	367	763	367	753	200
359	49	359	59	399	59	399	49	250
314	380	314	390	354	390	354	380	50
343	17	343	27	383	27	383	17	100
152	105	152	115	192	115	192	105	200
675	630	675	640	715	640	715	630	200
439	615	439	625	479	625	479	615	250
210	101	210	111	250	111	250	101	100
355	574	355	584	395	584	395	574	30
651	209	651	219	691	219	691	209	100
679	124	679	134	719	134	719	124	250
307	331	307	341	347	341	347	331	30
192	588	192	598	232	598	232	588	150
199	44	199	54	239	54	239	44	50
588	581	588	591	628	591	628	581	150
234	260	234	270	274	270	274	260	250
118	587	118	597	158	597	158	587	250
234	382	234	392	274	392	274	382	100
9	345	9	355	49	355	49	345	250
594	668	594	678	634	678	634	668	150
383	235	383	245	423	245	423	235	50
637	23	637	33	677	33	677	23	100
703	72	703	82	743	82	743	72	250
1	463	1	473	41	473	41	463	50
438	447	438	457	478	457	478	447	50
343	442	343	452	383	452	383	442	50
708	180	708	190	748	190	748	180	50
414	323	414	333	454	333	454	323	200
435	14	435	24	475	24	475	14	250
429	91	429	101	469	101	469	91	200
363	626	363	636	403	636	403	626	30
361	473	361	483	401	483	401	473	200
217	481	217	491	257	491	257	481	200
200	681	200	691	240	691	240	681	150
84	351	84	361	124	361	124	351	50
659	334	659	344	699	344	699	334	30
218	613	218	623	258	623	258	613	30
385	516	385	526	425	526	425	516	200
644	92	644	102	684	102	684	92	200
137	489	137	499	177	499	177	489	200
616	601	616	611	656	611	656	601	250
431	488	431	498	471	498	471	488	100
5	22	5	32	45	32	45	22	200
67	621	67	631	107	631	107	621	200
390	308	390	318	430	318	430	308	100
394	248	394	258	434	258	434	248	150
76	259	76	269	116	269	116	259	200
694	525	694	535	734	535	734	525	150
320	217	320	227	360	227	360	217	50
33	156	33	166	73	166	73	156	200
648	238	648	248	688	248	688	238	100
361	601	361	611	401	611	401	601	100
403	347	403	357	443	357	443	347	100
343	161	343	171	383	171	383	161	150
519	622	519	632	559	632	559	622	200
706	30	706	40	746	40	746	30	30
115	538	115	548	155	548	155	538	200
231	1	231	11	271	11	271	1	100
244	211	244	221	284	221	284	211	200
595	270	595	280	635	280	635	270	250
371	222	371	232	411	232	411	222	150
24	545	24	555	64	555	64	545	200
610	530	610	540	650	540	650	530	150
8	317	8	327	48	327	48	317	150
431	576	431	586	471	586	471	576	50
737	370	737	380	777	380	777	370	150
5	668	5	678	45	678	45	668	250
374	199	374	209	414	209	414	199	250
