800	800
0	407	0	393	800	393	800	407
393	800	393	0	407	0	407	800
721	295	721	305	761	305	761	295	50
88	190	88	200	128	200	128	190	50
149	104	149	114	189	114	189	104	50
335	729	335	739	375	739	375	729	150
479	673	479	683	519	683	519	673	150
262	250	262	260	302	260	302	250	100
213	251	213	261	253	261	253	251	150
198	423	198	433	238	433	238	423	100
754	725	754	735	794	735	794	725	200
537	325	537	335	577	335	577	325	200
529	73	529	83	569	83	569	73	150
414	155	414	165	454	165	454	155	100
341	743	341	753	381	753	381	743	50
614	135	614	145	654	145	654	135	200
581	613	581	623	621	623	621	613	200
753	349	753	359	793	359	793	349	250
33	702	33	712	73	712	73	702	50
353	499	353	509	393	509	393	499	150
748	231	748	241	788	241	788	231	250
625	196	625	206	665	206	665	196	30
471	8	471	18	511	18	511	8	50
565	500	565	510	605	510	605	500	50
477	599	477	609	517	609	517	599	100
758	73	758	83	798	83	798	73	200
634	633	634	643	674	643	674	633	30
469	246	469	256	509	256	509	246	150
332	297	332	307	372	307	372	297	200
429	736	429	746	469	746	469	736	250
282	585	282	595	322	595	322	585	150
117	34	117	44	157	44	157	34	250
321	376	321	386	361	386	361	376	30
219	181	219	191	259	191	259	181	200
117	129	117	139	157	139	157	129	50
565	145	565	155	605	155	605	145	250
76	209	76	219	116	219	116	209	100
130	550	130	560	170	560	170	550	150
327	338	327	348	367	348	367	338	30
706	325	706	335	746	335	746	325	250
426	217	426	227	466	227	466	217	30
319	596	319	606	359	606	359	596	200
132	5	132	15	172	15	172	5	200
751	307	751	317	791	317	791	307	50
412	582	412	592	452	592	452	582	100
722	684	722	694	762	694	762	684	50
524	640	524	650	564	650	564	640	100
254	734	254	744	294	744	294	734	50
755	782	755	792	795	792	795	782	150
164	278	164	288	204	288	204	278	100
722	152	722	162	762	162	762	152	100
17	585	17	595	57	595	57	585	200
66	595	66	605	106	605	106	595	200
735	628	735	638	775	638	775	628	200
621	122	621	132	661	132	661	122	30
647	374	647	384	687	384	687	374	200
190	785	190	795	230	795	230	785	50
2	504	2	514	42	514	42	504	150
348	578	348	588	388	588	388	578	150
204	368	204	378	244	378	244	368	200
306	648	306	658	346	658	346	648	50
258	660	258	670	298	670	298	660	30
59	584	59	594	99	594	99	584	30
637	296	637	306	677	306	677	296	250
258	634	258	644	298	644	298	634	50
479	32	479	42	519	42	519	32	50
299	166	299	176	339	176	339	166	50
50	101	50	111	90	111	90	101	250
427	113	427	123	467	123	467	113	250
644	559	644	569	684	569	684	559	30
42	291	42	301	82	301	82	291	200
430	788	430	798	470	798	470	788	150
5	614	5	624	45	624	45	614	200
708	483	708	493	748	493	748	483	250
341	528	341	538	381	538	381	528	50
317	426	317	436	357	436	357	426	200
82	656	82	666	122	666	122	656	150
301	437	301	447	341	447	341	437	30
671	418	671	428	711	428	711	418	30
525	591	525	601	565	601	565	591	150
178	226	178	236	218	236	218	226	30
516	709	516	719	556	719	556	709	150
678	55	678	65	718	65	718	55	200
17	447	17	457	57	457	57	447	50
746	32	746	42	786	42	786	32	250
136	464	136	474	176	474	176	464	30
756	419	756	429	796	429	796	419	200
314	184	314	194	354	194	354	184	200
211	530	211	540	251	540	251	530	30
166	537	166	547	206	547	206	537	200
54	34	54	44	94	44	94	34	150
39	415	39	425	79	425	79	415	200
624	761	624	771	664	771	664	761	200
622	220	622	230	662	230	662	220	250
274	11	274	21	314	21	314	11	150
502	43	502	53	542	53	542	43	150
62	60	62	70	102	70	102	60	250
520	340	520	350	560	350	560	340	250
320	117	320	127	360	127	360	117	200
625	719	625	729	665	729	665	719	30
76	84	76	94	116	94	116	84	250
407	499	407	509	447	509	447	499	100
577	252	577	262	617	262	617	252	150
650	471	650	481	690	481	690	471	30
411	100	411	110	451	110	451	100	30
567	31	567	41	607	41	607	31	50
743	21	743	31	783	31	783	21	30
1	466	1	476	41	476	41	466	50
523	8	523	18	563	18	563	8	150
232	460	232	470	272	470	272	460	100
143	327	143	337	183	337	183	327	150
219	8	219	18	259	18	259	8	30
122	645	122	655	162	655	162	645	30
213	563	213	573	253	573	253	563	100
217	130	217	140	257	140	257	130	150
163	488	163	498	203	498	203	488	250
293	106	293	116	333	116	333	106	250
187	701	187	711	227	711	227	701	200
217	325	217	335	257	335	257	325	200
119	278	119	288	159	288	159	278	250
26	665	26	675	66	675	66	665	200
328	635	328	645	368	645	368	635	150
636	450	636	460	676	460	676	450	150
294	786	294	796	334	796	334	786	150
704	216	704	226	744	226	744	216	200
239	302	239	312	279	312	279	302	200
617	571	617	581	657	581	657	571	100
193	43	193	53	233	53	233	43	50
708	701	708	711	748	711	748	701	150
603	780	603	790	643	790	643	780	200
82	345	82	355	122	355	122	345	30
259	35	259	45	299	45	299	35	200
717	671	717	681	757	681	757	671	100
479	452	479	462	519	462	519	452	200
500	134	500	144	540	144	540	134	150
624	617	624	627	664	627	664	617	250
34	132	34	142	74	142	74	132	100
499	295	499	305	539	305	539	295	200
332	314	332	324	372	324	372	314	30
158	259	158	269	198	269	198	259	250
721	431	721	441	761	441	761	431	30
534	101	534	111	574	111	574	101	30
83	301	83	311	123	311	123	301	50
531	730	531	740	571	740	571	730	150
518	89	518	99	558	99	558	89	250
423	175	423	185	463	185	463	175	100
425	131	425	141	465	141	465	131	100
630	338	630	348	670	348	670	338	150
645	737	645	747	685	747	685	737	200
711	262	711	272	751	272	751	262	250
124	768	124	778	164	778	164	768	50
724	7	724	17	764	17	764	7	250
187	198	187	208	227	208	227	198	50
755	759	755	769	795	769	795	759	150
194	668	194	678	234	678	234	668	30
345	225	345	235	385	235	385	225	200
