800	800
0	407	0	393	800	393	800	407
447	457	447	467	487	467	487	457	100
567	707	567	717	607	717	607	707	200
659	587	659	597	699	597	699	587	30
226	334	226	344	266	344	266	334	30
647	729	647	739	687	739	687	729	100
444	296	444	306	484	306	484	296	100
61	45	61	55	101	55	101	45	200
424	497	424	507	464	507	464	497	200
149	684	149	694	189	694	189	684	200
358	373	358	383	398	383	398	373	50
254	382	254	392	294	392	294	382	250
307	75	307	85	347	85	347	75	50
652	141	652	151	692	151	692	141	100
753	425	753	435	793	435	793	425	100
654	240	654	250	694	250	694	240	150
606	428	606	438	646	438	646	428	150
693	316	693	326	733	326	733	316	50
181	636	181	646	221	646	221	636	150
594	783	594	793	634	793	634	783	30
26	755	26	765	66	765	66	755	150
155	217	155	227	195	227	195	217	100
271	450	271	460	311	460	311	450	150
639	689	639	699	679	699	679	689	50
449	642	449	652	489	652	489	642	30
509	652	509	662	549	662	549	652	200
515	636	515	646	555	646	555	636	100
496	379	496	389	536	389	536	379	250
544	332	544	342	584	342	584	332	200
246	309	246	319	286	319	286	309	250
662	490	662	500	702	500	702	490	250
553	480	553	490	593	490	593	480	250
677	123	677	133	717	133	717	123	150
563	100	563	110	603	110	603	100	100
679	350	679	360	719	360	719	350	100
414	257	414	267	454	267	454	257	100
35	592	35	602	75	602	75	592	250
85	417	85	427	125	427	125	417	30
197	155	197	165	237	165	237	155	200
405	683	405	693	445	693	445	683	150
524	579	524	589	564	589	564	579	200
365	331	365	341	405	341	405	331	200
97	326	97	336	137	336	137	326	100
535	225	535	235	575	235	575	225	50
11	5	11	15	51	15	51	5	30
228	64	228	74	268	74	268	64	250
168	324	168	334	208	334	208	324	30
232	763	232	773	272	773	272	763	100
43	359	43	369	83	369	83	359	50
640	661	640	671	680	671	680	661	150
101	204	101	214	141	214	141	204	50
372	209	372	219	412	219	412	209	250
309	425	309	435	349	435	349	425	200
374	647	374	657	414	657	414	647	30
599	370	599	380	639	380	639	370	100
403	560	403	570	443	570	443	560	30
706	300	706	310	746	310	746	300	250
557	245	557	255	597	255	597	245	30
273	573	273	583	313	583	313	573	200
441	284	441	294	481	294	481	284	100
609	342	609	352	649	352	649	342	250
755	488	755	498	795	498	795	488	50
93	304	93	314	133	314	133	304	100
49	607	49	617	89	617	89	607	50
517	768	517	778	557	778	557	768	30
70	181	70	191	110	191	110	181	250
158	571	158	581	198	581	198	571	150
485	623	485	633	525	633	525	623	250
13	411	13	421	53	421	53	411	250
427	92	427	102	467	102	467	92	150
172	450	172	460	212	460	212	450	250
707	41	707	51	747	51	747	41	30
616	554	616	564	656	564	656	554	50
284	680	284	690	324	690	324	680	250
483	503	483	513	523	513	523	503	200
612	268	612	278	652	278	652	268	150
226	253	226	263	266	263	266	253	250
400	43	400	53	440	53	440	43	150
301	287	301	297	341	297	341	287	100
168	251	168	261	208	261	208	251	150
134	155	134	165	174	165	174	155	250
207	779	207	789	247	789	247	779	100
441	103	441	113	481	113	481	103	30
521	317	521	327	561	327	561	317	50
470	55	470	65	510	65	510	55	50
733	24	733	34	773	34	773	24	50
337	467	337	477	377	477	377	467	150
729	441	729	451	769	451	769	441	150
362	671	362	681	402	681	402	671	150
97	15	97	25	137	25	137	15	250
288	200	288	210	328	210	328	200	200
190	621	190	631	230	631	230	621	200
710	550	710	560	750	560	750	550	50
505	290	505	300	545	300	545	290	200
314	554	314	564	354	564	354	554	50
405	610	405	620	445	620	445	610	100
404	15	404	25	444	25	444	15	200
609	168	609	178	649	178	649	168	100
486	81	486	91	526	91	526	81	30
312	225	312	235	352	235	352	225	30
533	431	533	441	573	441	573	431	30
742	8	742	18	782	18	782	8	200
358	417	358	427	398	427	398	417	250
358	270	358	280	398	280	398	270	30
628	184	628	194	668	194	668	184	150
17	537	17	547	57	547	57	537	150
241	600	241	610	281	610	281	600	50
390	631	390	641	430	641	430	631	100
243	295	243	305	283	305	283	295	200
374	529	374	539	414	539	414	529	50
590	577	590	587	630	587	630	577	30
167	87	167	97	207	97	207	87	150
730	374	730	384	770	384	770	374	250
232	479	232	489	272	489	272	479	200
126	119	126	129	166	129	166	119	100
330	165	330	175	370	175	370	165	100
537	724	537	734	577	734	577	724	50
161	710	161	720	201	720	201	710	100
506	663	506	673	546	673	546	663	200
84	26	84	36	124	36	124	26	100
62	509	62	519	102	519	102	509	200
85	467	85	477	125	477	125	467	100
36	240	36	250	76	250	76	240	100
733	254	733	264	773	264	773	254	200
68	81	68	91	108	91	108	81	150
513	361	513	371	553	371	553	361	200
166	6	166	16	206	16	206	6	150
544	70	544	80	584	80	584	70	250
406	469	406	479	446	479	446	469	100
358	750	358	760	398	760	398	750	150
187	118	187	128	227	128	227	118	100
2	367	2	377	42	377	42	367	100
751	217	751	227	791	227	791	217	100
721	717	721	727	761	727	761	717	100
181	295	181	305	221	305	221	295	50
144	417	144	427	184	427	184	417	200
586	617	586	627	626	627	626	617	150
580	458	580	468	620	468	620	458	200
175	739	175	749	215	749	215	739	250
598	666	598	676	638	676	638	666	50
562	640	562	650	602	650	602	640	250
315	243	315	253	355	253	355	243	30
444	716	444	726	484	726	484	716	200
44	481	44	491	84	491	84	481	200
579	219	579	229	619	229	619	219	150
258	271	258	281	298	281	298	271	250
196	592	196	602	236	602	236	592	150
116	94	116	104	156	104	156	94	100
432	167	432	177	472	177	472	167	250
321	308	321	318	361	318	361	308	250
468	241	468	251	508	251	508	241	30
336	361	336	371	376	371	376	361	150
8	433	8	443	48	443	48	433	100
12	524	12	534	52	534	52	524	150
217	729	217	739	257	739	257	729	50
261	45	261	55	301	55	301	45	100
518	708	518	718	558	718	558	708	200
349	491	349	501	389	501	389	491	100
540	53	540	63	580	63	580	53	250
311	264	311	274	351	274	351	264	250
214	357	214	367	254	367	254	357	30
68	756	68	766	108	766	108	756	200
536	7	536	17	576	17	576	7	30
682	434	682	444	722	444	722	434	150
244	137	244	147	284	147	284	137	50
306	584	306	594	346	594	346	584	100
652	780	652	790	692	790	692	780	250
578	138	578	148	618	148	618	138	150
460	472	460	482	500	482	500	472	200
481	789	481	799	521	799	521	789	200
614	677	614	687	654	687	654	677	100
14	108	14	118	54	118	54	108	100
176	529	176	539	216	539	216	529	30
271	669	271	679	311	679	311	669	100
337	135	337	145	377	145	377	135	200
193	279	193	289	233	289	233	279	200
148	670	148	680	188	680	188	670	50
129	630	129	640	169	640	169	630	50
212	420	212	430	252	430	252	420	150
461	134	461	144	501	144	501	134	200
83	342	83	352	123	352	123	342	200
117	506	117	516	157	516	157	506	250
325	774	325	784	365	784	365	774	30
612	251	612	261	652	261	652	251	200
116	725	116	735	156	735	156	725	30
690	208	690	218	730	218	730	208	150
731	166	731	176	771	176	771	166	100
615	485	615	495	655	495	655	485	100
121	745	121	755	161	755	161	745	50
58	375	58	385	98	385	98	375	150
141	239	141	249	181	249	181	239	250
667	641	667	651	707	651	707	641	50
381	193	381	203	421	203	421	193	50
711	72	711	82	751	82	751	72	250
99	439	99	449	139	449	139	439	30
573	442	573	452	613	452	613	442	200
469	778	469	788	509	788	509	778	100
137	67	137	77	177	77	177	67	50
706	629	706	639	746	639	746	629	200
392	703	392	713	432	713	432	703	30
271	341	271	351	311	351	311	341	30
186	189	186	199	226	199	226	189	30
532	491	532	501	572	501	572	491	100
199	43	199	53	239	53	239	43	30
749	338	749	348	789	348	789	338	50
308	124	308	134	348	134	348	124	150
161	205	161	215	201	215	201	205	100
759	623	759	633	799	633	799	623	30
629	514	629	524	669	524	669	514	150
617	301	617	311	657	311	657	301	100
628	322	628	332	668	332	668	322	100
434	534	434	544	474	544	474	534	50
467	342	467	352	507	352	507	342	30
272	407	272	417	312	417	312	407	100
458	588	458	598	498	598	498	588	150
388	455	388	465	428	465	428	455	50
37	275	37	285	77	285	77	275	250
350	148	350	158	390	158	390	148	250
754	787	754	797	794	797	794	787	100
185	58	185	68	225	68	225	58	50
221	322	221	332	261	332	261	322	100
394	128	394	138	434	138	434	128	150
240	28	240	38	280	38	280	28	30
389	222	389	232	429	232	429	222	200
242	157	242	167	282	167	282	157	100
588	382	588	392	628	392	628	382	30
255	715	255	725	295	725	295	715	100
417	348	417	358	457	358	457	348	150
258	230	258	240	298	240	298	230	50
173	658	173	668	213	668	213	658	200
133	193	133	203	173	203	173	193	150
270	56	270	66	310	66	310	56	150
426	427	426	437	466	437	466	427	250
294	358	294	368	334	368	334	358	30
399	743	399	753	439	753	439	743	200
588	517	588	527	628	527	628	517	100
237	622	237	632	277	632	277	622	150
107	365	107	375	147	375	147	365	50
109	218	109	228	149	228	149	218	200
338	716	338	726	378	726	378	716	100
157	476	157	486	197	486	197	476	150
21	568	21	578	61	578	61	568	30
109	484	109	494	149	494	149	484	100
521	518	521	528	561	528	561	518	250
157	306	157	316	197	316	197	306	200
748	36	748	46	788	46	788	36	30
715	237	715	247	755	247	755	237	100
216	496	216	506	256	506	256	496	200
315	89	315	99	355	99	355	89	30
705	420	705	430	745	430	745	420	100
26	450	26	460	66	460	66	450	50
370	509	370	519	410	519	410	509	30
37	64	37	74	77	74	77	64	200
248	214	248	224	288	224	288	214	30
357	87	357	97	397	97	397	87	200
44	194	44	204	84	204	84	194	150
53	692	53	702	93	702	93	692	250
586	4	586	14	626	14	626	4	50
348	586	348	596	388	596	388	586	30
691	739	691	749	731	749	731	739	100
312	731	312	741	352	741	352	731	100
49	648	49	658	89	658	89	648	150
635	37	635	47	675	47	675	37	100
337	543	337	553	377	553	377	543	250
113	250	113	260	153	260	153	250	250
727	131	727	141	767	141	767	131	150
129	590	129	600	169	600	169	590	250
125	340	125	350	165	350	165	340	50
619	50	619	60	659	60	659	50	250
56	133	56	143	96	143	96	133	30
364	182	364	192	404	192	404	182	150
553	19	553	29	593	29	593	19	50
633	454	633	464	673	464	673	454	250
644	619	644	629	684	629	684	619	250
27	301	27	311	67	311	67	301	30
342	601	342	611	382	611	382	601	200
365	99	365	109	405	109	405	99	30
154	42	154	52	194	52	194	42	150
757	276	757	286	797	286	797	276	30
31	464	31	474	71	474	71	464	250
451	736	451	746	491	746	491	736	30
294	785	294	795	334	795	334	785	50
710	471	710	481	750	481	750	471	50
726	567	726	577	766	577	766	567	150
641	757	641	767	681	767	681	757	250
584	208	584	218	624	218	624	208	30
256	81	256	91	296	91	296	81	250
121	519	121	529	161	529	161	519	50
91	648	91	658	131	658	131	648	50
358	38	358	48	398	48	398	38	100
544	420	544	430	584	430	584	420	50
751	323	751	333	791	333	791	323	150
658	81	658	91	698	91	698	81	250
556	344	556	354	596	354	596	344	250
658	564	658	574	698	574	698	564	250
639	202	639	212	679	212	679	202	50
262	538	262	548	302	548	302	538	150
170	266	170	276	210	276	210	266	100
559	190	559	200	599	200	599	190	150
755	48	755	58	795	58	795	48	250
227	199	227	209	267	209	267	199	50
670	16	670	26	710	26	710	16	150
416	359	416	369	456	369	456	359	250
54	628	54	638	94	638	94	628	30
685	181	685	191	725	191	725	181	250
273	502	273	512	313	512	313	502	250
263	0	263	10	303	10	303	0	50
556	741	556	751	596	751	596	741	50
314	6	314	16	354	16	354	6	50
698	279	698	289	738	289	738	279	50
567	121	567	131	607	131	607	121	150
20	333	20	343	60	343	60	333	250
20	782	20	792	60	792	60	782	30
510	213	510	223	550	223	550	213	30
33	251	33	261	73	261	73	251	150
